Index	Distance[µm]	Time[s]	Velocity[µm/s]
1,000000	0,888561	1,108000	0,801951
2,000000	0,637514	0,806000	0,790961
3,000000	0,425010	0,504000	0,843273
4,000000	1,141654	1,209000	0,944296
5,000000	0,851448	1,007000	0,845529
6,000000	0,319293	1,309000	0,243921
7,000000	1,100935	1,108000	0,993624
8,000000	0,899622	0,806000	1,116157
9,000000	2,181834	3,727000	0,585413
10,000000	1,862542	2,216000	0,840497
11,000000	3,352575	7,253000	0,462233
12,000000	2,071922	2,720000	0,761736
13,000000	0,851448	0,907000	0,938751
14,000000	4,172411	6,447000	0,647186
15,000000	0,531262	1,209000	0,439423
16,000000	2,288265	3,022000	0,757202
17,000000	0,212862	0,101000	2,107544
18,000000	1,756111	1,914000	0,917508
19,000000	1,322974	1,411000	0,937614
20,000000	1,434407	0,906000	1,583231
21,000000	0,531262	0,403000	1,318268
22,000000	0,425724	1,410000	0,301932
23,000000	0,891477	1,007000	0,885280
24,000000	0,314553	0,906000	0,347189
1,000000	3,000521	12,290000	0,208696
2,000000	0,516438	0,302000	1,710060
3,000000	3,028931	3,223000	0,939786
4,000000	1,536373	8,361000	0,141251
5,000000	0,865409	2,417000	0,358051
6,000000	0,483438	0,906000	0,533596
7,000000	0,790134	0,806000	0,980316
8,000000	0,564847	1,713000	0,329741
9,000000	0,689458	1,310000	0,526304
10,000000	1,010824	0,906000	1,115700
11,000000	0,614881	0,504000	1,220003
12,000000	0,527041	0,504000	1,045717
13,000000	0,439201	0,806000	0,544914
14,000000	0,902570	1,411000	0,639667
15,000000	0,351361	1,511000	0,028333
16,000000	0,439201	1,208000	0,363577
17,000000	0,698390	0,101000	6,914757
18,000000	0,567442	0,806000	0,704023
19,000000	2,163522	2,217000	0,953549
20,000000	0,817639	1,813000	0,450987
21,000000	0,430336	0,403000	1,067832
22,000000	1,492476	1,813000	0,823208
23,000000	0,218196	0,403000	0,541430
24,000000	1,711958	2,418000	0,708006
25,000000	0,526756	0,504000	1,045151
26,000000	0,970757	1,008000	0,963052
27,000000	0,862978	0,604000	1,428771
28,000000	0,344269	0,504000	0,683074
29,000000	0,912445	1,007000	0,906103
30,000000	1,041098	1,209000	0,861123
31,000000	1,216048	1,209000	1,005829
32,000000	0,784871	0,503000	1,560380
33,000000	1,482535	0,201000	7,375794
34,000000	0,601713	0,403000	1,493085
35,000000	0,392845	1,108000	0,354553
36,000000	1,014882	1,511000	0,671663
37,000000	0,711377	0,504000	1,411462
38,000000	0,862978	0,504000	1,712257
1,000000	1,215689	2,115000	0,574794
2,000000	0,987422	0,806000	1,225090
3,000000	0,841138	1,008000	0,834462
4,000000	1,119815	1,108000	1,010663
1,000000	0,884859	1,410000	0,627559
2,000000	0,612816	0,605000	1,012919
3,000000	1,135734	1,913000	0,593693
4,000000	1,900595	2,821000	0,673731
5,000000	0,799393	0,705000	1,133891
6,000000	1,678415	2,015000	0,832960
7,000000	0,576768	2,116000	0,272575
8,000000	0,651695	0,604000	1,078966
9,000000	0,857063	0,806000	1,063353
10,000000	3,105960	3,526000	0,880874
11,000000	0,468624	0,907000	0,516675
12,000000	1,378863	2,115000	0,651945
13,000000	2,063702	2,821000	0,731550
14,000000	1,230922	0,805000	1,529096
15,000000	0,724072	0,705000	1,027052
16,000000	0,362036	0,906000	0,399598
17,000000	1,053746	2,418000	0,435792
18,000000	0,499953	0,504000	0,991971
19,000000	1,694257	4,433000	0,382192
1,000000	1,079297	1,410000	0,765459
2,000000	1,765251	2,317000	0,761869
3,000000	0,641909	0,705000	0,910510
4,000000	0,764284	1,813000	0,469805
5,000000	0,427572	0,604000	0,753381
6,000000	0,745299	0,706000	1,055664
7,000000	0,106443	2,015000	0,052825
8,000000	0,425772	0,604000	0,704921
9,000000	0,105024	0,705000	0,112630
10,000000	1,924087	5,743000	0,263902
11,000000	0,520024	0,503000	1,033844
12,000000	0,745299	0,907000	0,821719
13,000000	0,727249	0,806000	0,902294
14,000000	1,402551	2,921000	0,472393
15,000000	1,003355	1,007000	0,996380
16,000000	1,742815	2,217000	0,786114
17,000000	1,237457	1,713000	0,722392
18,000000	0,792189	0,403000	1,965729
19,000000	1,016357	1,813000	0,560594
20,000000	0,802387	1,310000	0,612509
21,000000	1,192922	2,015000	0,617426
22,000000	1,549949	2,921000	0,517794
23,000000	2,086206	2,216000	0,932564
24,000000	0,686564	1,007000	0,681791
25,000000	3,749378	6,649000	0,551704
1,000000	0,655937	1,109000	0,591468
2,000000	1,866986	2,014000	0,927004
3,000000	0,728116	0,806000	0,903370
4,000000	0,837333	0,705000	1,187707
5,000000	0,765260	0,806000	0,949455
6,000000	0,765323	1,611000	0,475061
7,000000	0,983906	1,108000	0,888002
8,000000	0,583056	0,403000	1,446788
9,000000	1,013966	1,309000	0,774611
10,000000	0,728819	3,022000	0,241171
11,000000	0,801701	0,706000	1,135554
12,000000	1,050179	1,208000	0,869354
13,000000	0,948179	1,712000	0,553843
14,000000	3,488133	5,742000	0,607477
15,000000	1,046366	1,007000	1,039092
16,000000	0,728879	0,907000	0,803616
17,000000	0,579409	0,806000	0,718870
18,000000	0,654025	0,605000	1,081033
19,000000	5,575927	12,693000	0,439292
20,000000	0,580148	0,907000	0,639634
21,000000	1,456232	1,612000	0,903370
22,000000	1,689285	1,914000	0,882594
1,000000	1,258669	1,008000	1,180692
2,000000	1,186745	1,008000	1,122014
3,000000	0,624151	0,503000	1,240856
4,000000	0,731955	0,907000	0,807007
5,000000	0,219587	0,705000	0,311470
6,000000	0,637479	0,705000	0,904226
7,000000	2,974074	5,339000	0,557047
8,000000	1,125189	1,410000	0,798006
9,000000	1,036361	1,209000	0,857205
10,000000	0,512369	1,612000	0,299211
11,000000	0,710042	0,604000	1,175566
12,000000	1,542675	1,612000	0,956994
13,000000	0,287009	0,504000	0,569463
14,000000	0,035876	1,410000	0,025444
15,000000	1,725593	2,418000	0,725603
16,000000	0,542391	2,719000	0,199482
17,000000	0,690219	0,604000	1,142746
18,000000	1,412591	1,712000	0,693358
19,000000	1,086609	3,425000	0,276652
20,000000	1,159049	2,317000	0,500237
21,000000	1,412591	3,425000	0,364244
22,000000	1,412591	1,713000	0,824630
23,000000	0,615745	0,907000	0,678881
24,000000	0,435333	0,604000	0,720750
25,000000	1,136565	1,612000	0,705065
26,000000	0,531232	1,007000	0,527540
27,000000	3,387175	4,130000	0,794485
28,000000	3,812991	4,634000	0,822829
29,000000	0,995897	0,907000	1,098013
30,000000	0,920428	0,806000	1,141970
31,000000	1,832124	2,418000	0,757702
32,000000	0,660865	0,504000	1,311241
33,000000	1,597470	2,015000	0,792789
34,000000	0,363273	1,813000	0,135715
35,000000	1,345789	3,324000	0,342276
1,000000	0,797139	2,015000	0,395602
2,000000	0,604453	2,518000	0,240053
3,000000	1,023278	1,008000	1,015157
4,000000	1,051090	1,007000	1,043783
5,000000	0,908550	1,209000	0,751489
6,000000	0,581472	0,403000	1,442858
7,000000	0,669563	0,705000	0,949734
8,000000	0,798671	0,705000	1,132866
9,000000	0,905021	1,813000	0,499184
10,000000	0,905021	1,007000	0,898729
11,000000	3,982090	5,641000	0,705919
12,000000	1,086025	1,612000	0,673713
13,000000	0,651615	0,705000	0,924276
14,000000	0,072402	2,015000	0,035931
15,000000	1,112797	2,820000	0,394609
16,000000	0,439819	0,705000	0,623856
17,000000	1,589859	1,209000	1,315020
18,000000	1,190334	1,209000	0,984561
19,000000	1,488432	1,914000	0,777655
20,000000	0,508245	0,503000	1,010428
21,000000	1,136334	1,008000	1,127316
22,000000	1,562711	1,209000	1,292565
23,000000	1,199290	0,806000	1,487953
24,000000	3,225723	3,525000	0,915099
25,000000	0,806431	0,604000	1,335150
26,000000	1,911595	1,410000	1,355741
27,000000	0,690498	2,317000	0,298014
28,000000	0,757424	0,806000	0,939732
29,000000	0,613153	0,604000	1,015154
30,000000	2,329328	4,332000	0,537703
31,000000	1,199286	1,411000	0,849955
32,000000	1,026367	0,907000	1,131606
33,000000	1,441965	1,208000	1,193680
34,000000	1,242552	1,712000	0,725790
35,000000	2,089389	2,820000	0,740918
36,000000	1,484234	1,813000	0,818662
37,000000	1,630511	2,015000	0,809187
