1,50000E+3	1,50000E+3	1,21460E+4
1,47500E+3	1,47500E+3	1,20320E+4
1,45000E+3	1,45000E+3	1,24680E+4
1,42500E+3	1,42500E+3	1,27320E+4
1,40000E+3	1,40000E+3	1,32270E+4
1,37500E+3	1,37500E+3	1,34910E+4
1,35000E+3	1,35000E+3	1,38370E+4
1,32500E+3	1,32500E+3	1,38390E+4
1,30000E+3	1,30000E+3	1,35650E+4
1,27500E+3	1,27500E+3	1,45070E+4
1,25000E+3	1,25000E+3	1,49570E+4
1,22500E+3	1,22500E+3	1,49660E+4
1,20000E+3	1,20000E+3	1,53820E+4
1,17500E+3	1,17500E+3	1,56120E+4
1,15000E+3	1,15000E+3	1,63010E+4
1,12500E+3	1,12500E+3	1,65200E+4
1,10000E+3	1,10000E+3	1,68610E+4
1,07500E+3	1,07500E+3	1,71010E+4
1,05000E+3	1,05000E+3	1,74820E+4
1,02500E+3	1,02500E+3	1,43560E+4
1,00000E+3	1,00000E+3	1,83820E+4
9,75000E+2	9,75000E+2	1,85030E+4
9,50000E+2	9,50000E+2	1,89430E+4
9,25000E+2	9,25000E+2	1,93340E+4
9,00000E+2	9,00000E+2	1,98380E+4
8,75000E+2	8,75000E+2	2,00170E+4
8,50000E+2	8,50000E+2	2,05360E+4
8,25000E+2	8,25000E+2	2,09900E+4
8,00000E+2	8,00000E+2	2,13030E+4
7,75000E+2	7,75000E+2	2,16460E+4
7,50000E+2	7,50000E+2	2,21980E+4
7,25000E+2	7,25000E+2	2,24870E+4
7,00000E+2	7,00000E+2	2,27510E+4
6,75000E+2	6,75000E+2	2,34340E+4
6,50000E+2	6,50000E+2	2,38000E+4
6,25000E+2	6,25000E+2	2,37970E+4
6,00000E+2	6,00000E+2	2,41840E+4
5,75000E+2	5,75000E+2	2,40700E+4
5,50000E+2	5,50000E+2	2,39350E+4
5,25000E+2	5,25000E+2	2,40560E+4
5,00000E+2	5,00000E+2	2,36530E+4
4,75000E+2	4,75000E+2	2,32700E+4
4,50000E+2	4,50000E+2	2,28320E+4
4,25000E+2	4,25000E+2	2,21720E+4
4,00000E+2	4,00000E+2	2,12820E+4
3,75000E+2	3,75000E+2	2,05410E+4
3,50000E+2	3,50000E+2	1,88960E+4
3,25000E+2	3,25000E+2	1,75490E+4
3,00000E+2	3,00000E+2	1,56440E+4
2,75000E+2	2,75000E+2	1,40840E+4
2,50000E+2	2,50000E+2	1,14400E+4
2,25000E+2	2,25000E+2	9,66900E+3
2,00000E+2	2,00000E+2	7,20700E+3
1,75000E+2	1,75000E+2	5,53800E+3
1,50000E+2	1,50000E+2	3,49300E+3
1,25000E+2	1,25000E+2	1,69700E+3
1,00000E+2	1,00000E+2	8,90000E+2
7,50000E+1	7,50000E+1	6,38000E+2
5,00000E+1	5,00000E+1	1,84000E+2
2,50000E+1	2,50000E+1	3,00000E+1
