    3.09     3.49     3.18     3.15     3.19     3.28     3.83     4.42     4.19     4.19     4.26     4.41     4.98     4.59     4.50     3.98     4.86     4.49     4.42     4.29     4.40     3.43     3.92     3.90     3.33     3.88     3.51     3.13     2.99 
    2.90     3.29     3.59     3.50     3.40     3.50     3.73     4.41     4.87     4.52     4.57     4.79     5.26     4.81     4.76     4.28     5.17     4.82     4.61     4.74     4.43     3.40     4.72     4.05     4.00     3.93     3.46     3.18     2.87 
    3.09     3.19     3.43     3.96     3.85     3.47     3.77     4.44     5.36     4.90     4.95     5.30     5.63     5.12     5.10     4.69     5.50     5.04     5.04     5.21     4.36     4.45     4.66     4.33     4.22     3.75     3.48     3.21     3.02 
    3.61     3.53     3.57     3.99     4.18     3.97     3.94     4.45     5.17     5.61     5.43     5.50     6.06     5.75     5.63     5.25     5.95     5.26     5.58     5.03     4.44     5.27     4.71     4.80     4.30     3.82     3.71     3.59     3.52 
    4.04     3.92     3.74     3.86     4.40     4.67     4.41     4.28     5.06     6.47     5.75     5.69     6.23     6.24     6.16     6.20     6.35     5.74     5.80     4.89     5.31     5.35     5.15     4.87     4.31     4.25     3.98     3.66     3.81 
    3.33     4.06     4.51     4.18     4.54     4.84     5.07     4.77     5.23     6.50     6.60     6.23     6.80     6.98     6.91     6.97     6.67     6.40     5.90     5.60     6.38     5.91     5.36     4.49     4.42     4.34     4.33     4.26     3.92 
    3.62     3.64     4.43     5.16     4.88     4.87     5.55     5.57     5.43     6.19     7.64     7.08     7.71     7.43     7.64     7.56     7.55     7.15     6.25     6.95     6.47     5.75     5.23     4.92     4.59     4.55     4.76     4.35     3.95 
    2.91     3.70     4.20     4.59     5.20     5.53     5.67     6.33     6.36     6.15     8.11     8.17     8.34     8.31     8.63     8.30     8.26     7.51     7.61     7.52     6.38     5.81     5.58     5.34     5.06     5.34     4.91     4.51     4.12 
    2.75     3.28     3.64     4.29     4.85     5.50     6.17     6.78     7.53     7.27     7.98     9.56     9.20     9.31     9.93     9.49     9.15     8.63     8.62     8.07     6.88     6.42     5.74     5.87     5.75     5.25     4.81     4.50     3.95 
    2.77     3.19     3.46     3.83     4.55     5.20     6.12     7.05     7.81     8.52     8.71    10.36    10.99    10.86    11.81    11.05    10.69    10.03     9.56     8.17     7.67     6.97     7.00     6.73     5.86     4.87     4.25     3.88     3.47 
    2.34     2.56     3.17     3.48     4.01     4.49     5.42     6.60     7.65     9.02    10.18    11.19    13.41    13.62    14.10    13.36    12.64    11.83     9.89     8.88     8.60     8.03     7.21     5.77     4.91     4.48     3.93     3.63     3.10 
    2.35     2.31     2.40     2.79     3.36     4.20     4.52     5.42     6.88     8.74    10.91    13.29    15.97    17.66    17.77    17.58    15.70    13.12    11.15    10.70     9.08     7.25     5.64     5.02     4.36     3.96     3.40     2.72     2.41 
    2.42     2.64     2.84     2.90     3.27     3.63     3.86     4.72     5.77     7.71    10.05    14.17    19.77    24.43    26.43    24.23    18.99    14.98    12.47     9.68     7.57     6.18     5.13     4.06     3.32     2.96     2.81     2.71     2.65 
    2.58     2.63     2.87     3.10     3.66     4.12     4.53     4.85     5.51     6.68     9.10    13.00    21.51    36.82    46.96    35.22    21.97    14.81    10.58     7.96     6.40     5.52     4.60     4.22     3.77     3.65     3.38     3.18     2.80 
    2.46     2.68     2.90     3.15     3.32     3.84     4.36     5.05     5.81     7.39     9.89    13.31    23.14    48.03    85.84    43.69    21.23    12.08     8.63     6.77     5.73     4.94     4.53     4.04     3.39     3.19     2.86     2.75     2.27 
    2.82     3.07     3.45     3.47     3.74     4.23     4.70     5.45     6.15     7.47     9.80    14.09    23.56    46.94    61.67    42.28    20.25    11.67     7.51     5.77     4.75     4.16     3.96     3.67     3.32     3.20     2.80     2.62     2.44 
    2.82     2.90     3.45     3.54     3.66     4.37     5.24     6.02     6.86     8.70    11.40    14.78    20.78    31.75    36.76    28.81    20.42    14.50     9.77     7.03     5.38     4.37     3.81     3.39     3.12     2.96     2.60     2.40     2.30 
    2.67     3.16     3.78     4.10     4.57     5.01     5.35     6.30     7.90     9.44    11.18    13.74    17.73    21.81    23.81    20.78    16.61    13.55    10.99     8.51     6.46     5.41     4.72     4.15     3.63     2.95     2.52     2.36     2.23 
    3.01     3.27     3.72     3.91     4.24     4.98     6.17     7.51     8.05     9.02    10.71    12.72    13.98    16.35    17.64    15.90    13.88    11.44    10.65     9.19     7.48     6.04     4.91     4.18     3.83     3.45     3.20     2.94     2.56 
    2.90     3.10     3.85     4.54     5.11     5.76     6.42     6.95     8.03     9.15     9.99    10.63    11.74    12.72    14.35    13.16    11.46    10.07     8.69     8.86     8.15     7.20     5.73     4.90     3.99     3.38     2.97     2.85     2.71 
    3.27     4.13     4.80     4.77     5.18     5.78     6.21     7.07     7.94     8.40     8.66     9.17    10.59    10.81    12.30    11.21     9.51     9.33     7.84     7.31     7.54     7.14     6.58     5.61     4.61     4.16     3.50     3.00     2.42 
    3.96     3.98     4.45     4.89     4.96     5.63     6.26     6.80     7.34     7.63     7.84     8.77     8.95     8.93    10.51     9.73     8.57     7.97     7.94     6.39     6.23     6.74     6.47     6.32     5.17     4.32     3.70     3.35     2.71 
    3.72     4.13     4.22     4.58     5.36     5.45     5.87     6.29     6.44     6.85     7.56     8.39     7.58     7.77     9.42     8.72     7.94     7.10     7.20     6.70     5.81     5.75     5.95     5.82     5.76     4.94     3.73     3.26     3.22 
    3.79     3.89     4.40     4.91     5.05     5.10     5.61     5.60     6.01     6.35     7.57     7.26     6.64     6.84     8.42     7.82     6.96     6.47     6.21     6.62     5.70     5.17     5.08     5.15     5.35     4.92     4.52     3.78     3.13 
    3.50     4.06     4.37     4.26     4.62     5.20     5.37     4.80     5.86     6.30     6.91     6.34     6.30     6.23     7.82     7.36     6.45     6.42     5.41     5.98     5.41     4.94     4.51     4.39     4.77     4.61     4.43     4.28     3.89 
    3.72     3.84     3.76     4.07     4.37     4.95     4.20     5.01     5.22     5.95     5.92     5.97     6.02     5.61     7.51     6.85     6.16     5.91     5.29     5.21     5.24     4.50     4.36     3.94     4.03     3.98     4.13     4.15     4.04 
    3.46     3.44     3.61     3.93     4.47     3.99     4.00     4.83     4.93     5.52     5.27     5.80     5.43     5.05     6.94     6.10     5.48     5.71     5.21     4.59     4.95     4.29     4.17     3.98     3.59     3.56     3.44     3.73     3.68 
    3.07     3.22     3.51     4.04     3.81     3.62     4.46     4.21     5.05     5.14     5.39     4.92     4.80     4.85     6.33     5.91     5.25     4.92     4.92     4.21     4.47     4.23     4.04     3.90     3.60     3.43     3.23     3.21     3.47 
    2.97     3.21     3.75     3.66     3.48     3.97     4.23     4.33     4.69     4.63     5.14     4.28     4.27     4.57     5.72     5.44     5.11     4.34     4.77     4.02     3.74     4.06     3.85     3.62     3.55     3.30     3.08     2.89     2.85 
