        2908          73        2365           1
        2776          66        2281           0
        2840          55        2329           4
        2826          60        2308           2
        2862          71        2317           0
        2802          56        2265           3
        2710          61        2208           2
        2834          53        2324           1
        2760          65        2251           3
        2776          64        2247           4
        2802          58        2310           2
        2814          73        2299           2
        2848          59        2316           0
        2834          79        2281           1
        2852          59        2318           0
        2890          65        2356           0
        2886          59        2365           3
        2844          56        2345           0
        2856          45        2373           1
        2758          78        2242           0
        2768          66        2234           0
        2756          69        2263           1
        2774          62        2273           0
        2758          67        2266           0
        2797          50        2292           1
        2778          66        2287           1
        2778          60        2259           0
        2758          59        2259           0
        2796          81        2250           2
        2826          54        2326           1
        2638          52        2157           3
        2680          72        2178           0
        2700          72        2175           1
        2586          50        2150           3
        2584          51        2112           2
        2424          44        2000           4
        2192          35        1825           0
        2048          59        1714           0
        2016          33        1707           1
34
32
30
29
45
        1916          34
        1754          27
        1714          27
        1840          36
        1806          25
        1870          32
        1762          27
        1780          28
        1900          33
        1898          32
        1966          33
        2036          32
        1988          35
        1972          38
        2120          41
        2338          49
        2490          57
        2504          61
        2652          62
        2676          61
        2766          72
        2824          62
        2732          61
        2708          64
        2818          57
        2750          51
        2784          56
        2760          67
        2810          51
        2756          63
        2710          54
        2762          65
        2752          51
        2698          67
        2920          63
        2832          63
        2818          75
        2810          62
        2862          64
        2832          70
        2810          59
        2910          63
        2806          76
        2876          64
        2874          66
        2838          59
