        2908          73        2365           1
        2776          66        2281           0
        2840          55        2329           4
        2826          60        2308           2
        2862          71        2317           0
        2802          56        2265           3
        2710          61        2208           2
        2834          53        2324           1
        2760          65        2251           3
        2776          64        2247           4
        2802          58        2310           2
        2814          73        2299           2
        2848          59        2316           0
        2834          79        2281           1
        2852          59        2318           0
        2890          65        2356           0
        2886          59        2365           3
        2844          56        2345           0
        2856          45        2373           1
        2758          78        2242           0
        2768          66        2234           0
        2756          69        2263           1
        2774          62        2273           0
        2758          67        2266           0
        2797          50        2292           1
        2778          66        2287           1
        2778          60        2259           0
        2758          59        2259           0
        2796          81        2250           2
        2826          54        2326           1
        2638          52        2157           3
        2680          72        2178           0
        2700          72        2175           1
        2586          50        2150           3
        2584          51        2112           2
        2424          44        2000           4
        2192          35        1825           0
        2048          59        1714           0
        2016          33        1707           1
        2008          34        1720           0
        1998          32        1699           0
        1994          30        1726           1
        1850          29        1598           1
        1892          45        1602           2
        1916          34        1614           1
        1754          27        1510           2
        1714          27        1474           2
        1840          36        1549           1
        1806          25        1574           0
        1870          32        1620           0
        1762          27        1512           0
        1780          28        1493           2
        1900          33        1635           1
        1898          32        1652           1
        1966          33        1709           1
        2036          32        1748           1
        1988          35        1697           2
        1972          38        1667           0
        2120          41        1772           0
        2338          49        1955           0
        2490          57        2029           2
        2504          61        2040           2
        2652          62        2146           4
        2676          61        2169           1
        2766          72        2264           1
        2824          62        2294           3
        2732          61        2172           4
        2708          64        2203           2
        2818          57        2280           3
        2750          51        2268           1
        2784          56        2266           2
        2760          67        2245           0
        2810          51        2291           0
        2756          63        2255           0
        2710          54        2228           3
        2762          65        2216           2
        2752          51        2240           2
        2698          67        2190           0
        2920          63        2378           1
        2832          63        2346           1
        2818          75        2273           2
        2810          62        2293           0
        2862          64        2339           0
        2832          70        2308           1
        2810          59        2282           3
        2910          63        2384           1
        2806          76        2269           0
        2876          64        2355           4
        2874          66        2337           1
        2838          59        2311           1
