2,00000E+2	2,00000E+2	1,77600E+3
1,95000E+2	1,95000E+2	1,47400E+3
1,90000E+2	1,90000E+2	1,86100E+3
1,85000E+2	1,85000E+2	1,58500E+3
1,80000E+2	1,80000E+2	1,78500E+3
1,75000E+2	1,75000E+2	1,84900E+3
1,70000E+2	1,70000E+2	1,76300E+3
1,65000E+2	1,65000E+2	1,68300E+3
1,60000E+2	1,60000E+2	1,68700E+3
1,55000E+2	1,55000E+2	1,55200E+3
1,50000E+2	1,50000E+2	1,72800E+3
1,45000E+2	1,45000E+2	1,78600E+3
1,40000E+2	1,40000E+2	1,85300E+3
1,35000E+2	1,35000E+2	1,85800E+3
1,30000E+2	1,30000E+2	2,16800E+3
1,25000E+2	1,25000E+2	1,77600E+3
1,20000E+2	1,20000E+2	1,65500E+3
1,15000E+2	1,15000E+2	1,60000E+3
1,10000E+2	1,10000E+2	1,92300E+3
1,05000E+2	1,05000E+2	1,76000E+3
1,00000E+2	1,00000E+2	1,90800E+3
9,50000E+1	9,50000E+1	1,77600E+3
9,00000E+1	9,00000E+1	1,87400E+3
8,50000E+1	8,50000E+1	2,07600E+3
8,00000E+1	8,00000E+1	2,00900E+3
7,50000E+1	7,50000E+1	1,76400E+3
7,00000E+1	7,00000E+1	2,54100E+3
6,50000E+1	6,50000E+1	2,44800E+3
6,00000E+1	6,00000E+1	4,51300E+3
5,50000E+1	5,50000E+1	4,29700E+3
5,00000E+1	5,00000E+1	9,27200E+3
4,50000E+1	4,50000E+1	8,63500E+3
4,00000E+1	4,00000E+1	2,20830E+4
3,50000E+1	3,50000E+1	2,06540E+4
3,00000E+1	3,00000E+1	4,24290E+4
2,50000E+1	2,50000E+1	3,78420E+4
2,00000E+1	2,00000E+1	4,48940E+4
1,50000E+1	1,50000E+1	4,17970E+4
1,00000E+1	1,00000E+1	1,98730E+4
