FP280,SPT

Emission Scan
Number of Scans 1
Start 5,200000e+002 nm  , End 7,500000e+002 nm  
Increment 1,000000e+000 nm  , Integration Time 1,000000e+000 sec
Excit Mono 2,800000e+002 nm  

 1000,000
 1000,000
 1000,000
 1000,000
Acquisition Mode s, Auto Zero No
Blank Subtraction File 
Correction Factor File 
,,,,,,,,,,,,,,,,,,,,,,,,,,,,,,,,,,,,,,,,,,,,,,,,,,,,,,,,,,,,,,,,,,,,,,,,,,,,,,,
5,200000e+002	1,538300e+004
5,210000e+002	1,551700e+004
5,220000e+002	1,574100e+004
5,230000e+002	1,556800e+004
5,240000e+002	1,579200e+004
5,250000e+002	1,590200e+004
5,260000e+002	1,603500e+004
5,270000e+002	1,618800e+004
5,280000e+002	1,647400e+004
5,290000e+002	1,670700e+004
5,300000e+002	1,696900e+004
5,310000e+002	1,696300e+004
5,320000e+002	1,730400e+004
5,330000e+002	1,771600e+004
5,340000e+002	1,803400e+004
5,350000e+002	1,838900e+004
5,360000e+002	1,882600e+004
5,370000e+002	1,944000e+004
5,380000e+002	1,954700e+004
5,390000e+002	2,030800e+004
5,400000e+002	2,095700e+004
5,410000e+002	2,159400e+004
5,420000e+002	2,180100e+004
5,430000e+002	2,276500e+004
5,440000e+002	2,367400e+004
5,450000e+002	2,454500e+004
5,460000e+002	2,560600e+004
5,470000e+002	2,653000e+004
5,480000e+002	2,789900e+004
5,490000e+002	2,893800e+004
5,500000e+002	2,973600e+004
5,510000e+002	3,214400e+004
5,520000e+002	3,658900e+004
5,530000e+002	4,584700e+004
5,540000e+002	6,132800e+004
5,550000e+002	8,371300e+004
5,560000e+002	1,143950e+005
5,570000e+002	1,471740e+005
5,580000e+002	1,864770e+005
5,590000e+002	2,282760e+005
5,600000e+002	2,675920e+005
5,610000e+002	3,013540e+005
5,620000e+002	3,212970e+005
5,630000e+002	3,234250e+005
5,640000e+002	3,069610e+005
5,650000e+002	2,774050e+005
5,660000e+002	2,423320e+005
5,670000e+002	2,064970e+005
5,680000e+002	1,724760e+005
5,690000e+002	1,433060e+005
5,700000e+002	1,182510e+005
5,710000e+002	9,855800e+004
5,720000e+002	8,565300e+004
5,730000e+002	8,002500e+004
5,740000e+002	7,885300e+004
5,750000e+002	7,969300e+004
5,760000e+002	8,155700e+004
5,770000e+002	8,393800e+004
5,780000e+002	8,632900e+004
5,790000e+002	8,915400e+004
5,800000e+002	9,065200e+004
5,810000e+002	9,312700e+004
5,820000e+002	9,470200e+004
5,830000e+002	9,709500e+004
5,840000e+002	9,909000e+004
5,850000e+002	1,009620e+005
5,860000e+002	1,028650e+005
5,870000e+002	1,048600e+005
5,880000e+002	1,058010e+005
5,890000e+002	1,076210e+005
5,900000e+002	1,085420e+005
5,910000e+002	1,101880e+005
5,920000e+002	1,106010e+005
5,930000e+002	1,117080e+005
5,940000e+002	1,125220e+005
5,950000e+002	1,142980e+005
5,960000e+002	1,149230e+005
5,970000e+002	1,147170e+005
5,980000e+002	1,153070e+005
5,990000e+002	1,158200e+005
6,000000e+002	1,157860e+005
6,010000e+002	1,159230e+005
6,020000e+002	1,164140e+005
6,030000e+002	1,158080e+005
6,040000e+002	1,157210e+005
6,050000e+002	1,149980e+005
6,060000e+002	1,143360e+005
6,070000e+002	1,139380e+005
6,080000e+002	1,138650e+005
6,090000e+002	1,122350e+005
6,100000e+002	1,116750e+005
6,110000e+002	1,103820e+005
6,120000e+002	1,093270e+005
6,130000e+002	1,087250e+005
6,140000e+002	1,073630e+005
6,150000e+002	1,062520e+005
6,160000e+002	1,040110e+005
6,170000e+002	1,029840e+005
6,180000e+002	1,011470e+005
6,190000e+002	9,984100e+004
6,200000e+002	9,848800e+004
6,210000e+002	9,630700e+004
6,220000e+002	9,428600e+004
6,230000e+002	9,369500e+004
6,240000e+002	9,153800e+004
6,250000e+002	8,966400e+004
6,260000e+002	8,735500e+004
6,270000e+002	8,614900e+004
6,280000e+002	8,423200e+004
6,290000e+002	8,198700e+004
6,300000e+002	8,030900e+004
6,310000e+002	7,778900e+004
6,320000e+002	7,702600e+004
6,330000e+002	7,517800e+004
6,340000e+002	7,374100e+004
6,350000e+002	7,294500e+004
6,360000e+002	7,146500e+004
6,370000e+002	6,948800e+004
6,380000e+002	6,823100e+004
6,390000e+002	6,702700e+004
6,400000e+002	6,546800e+004
6,410000e+002	6,381400e+004
6,420000e+002	6,227100e+004
6,430000e+002	6,117100e+004
6,440000e+002	5,953400e+004
6,450000e+002	5,797900e+004
6,460000e+002	5,667800e+004
6,470000e+002	5,474700e+004
6,480000e+002	5,369600e+004
6,490000e+002	5,252300e+004
6,500000e+002	5,107700e+004
6,510000e+002	4,971400e+004
6,520000e+002	4,886200e+004
6,530000e+002	4,746500e+004
6,540000e+002	4,609500e+004
6,550000e+002	4,489600e+004
6,560000e+002	4,365600e+004
6,570000e+002	4,271000e+004
6,580000e+002	4,146000e+004
6,590000e+002	4,053200e+004
6,600000e+002	3,945900e+004
6,610000e+002	3,804400e+004
6,620000e+002	3,726500e+004
6,630000e+002	3,632400e+004
6,640000e+002	3,535100e+004
6,650000e+002	3,417600e+004
6,660000e+002	3,303400e+004
6,670000e+002	3,220700e+004
6,680000e+002	3,124400e+004
6,690000e+002	3,011500e+004
6,700000e+002	2,956200e+004
6,710000e+002	2,875200e+004
6,720000e+002	2,741800e+004
6,730000e+002	2,714100e+004
6,740000e+002	2,624300e+004
6,750000e+002	2,576700e+004
6,760000e+002	2,489500e+004
6,770000e+002	2,444700e+004
6,780000e+002	2,375000e+004
6,790000e+002	2,318300e+004
6,800000e+002	2,222900e+004
6,810000e+002	2,156200e+004
6,820000e+002	2,095200e+004
6,830000e+002	2,039000e+004
6,840000e+002	1,968300e+004
6,850000e+002	1,930600e+004
6,860000e+002	1,850300e+004
6,870000e+002	1,833500e+004
6,880000e+002	1,775100e+004
6,890000e+002	1,709600e+004
6,900000e+002	1,666600e+004
6,910000e+002	1,632300e+004
6,920000e+002	1,599200e+004
6,930000e+002	1,536800e+004
6,940000e+002	1,500500e+004
6,950000e+002	1,452600e+004
6,960000e+002	1,398500e+004
6,970000e+002	1,370900e+004
6,980000e+002	1,329000e+004
6,990000e+002	1,297100e+004
7,000000e+002	1,251400e+004
7,010000e+002	1,247300e+004
7,020000e+002	1,188100e+004
7,030000e+002	1,136300e+004
7,040000e+002	1,132800e+004
7,050000e+002	1,090500e+004
7,060000e+002	1,056400e+004
7,070000e+002	1,048400e+004
7,080000e+002	1,010100e+004
7,090000e+002	9,892000e+003
7,100000e+002	9,440000e+003
7,110000e+002	9,241000e+003
7,120000e+002	9,101000e+003
7,130000e+002	8,872000e+003
7,140000e+002	8,583000e+003
7,150000e+002	8,307000e+003
7,160000e+002	8,089000e+003
7,170000e+002	7,804000e+003
7,180000e+002	7,602000e+003
7,190000e+002	7,374000e+003
7,200000e+002	7,269000e+003
7,210000e+002	6,930000e+003
7,220000e+002	6,923000e+003
7,230000e+002	6,632000e+003
7,240000e+002	6,509000e+003
7,250000e+002	6,214000e+003
7,260000e+002	6,119000e+003
7,270000e+002	5,912000e+003
7,280000e+002	5,873000e+003
7,290000e+002	5,590000e+003
7,300000e+002	5,518000e+003
7,310000e+002	5,354000e+003
7,320000e+002	5,227000e+003
7,330000e+002	5,024000e+003
7,340000e+002	4,948000e+003
7,350000e+002	4,902000e+003
7,360000e+002	4,680000e+003
7,370000e+002	4,623000e+003
7,380000e+002	4,423000e+003
7,390000e+002	4,463000e+003
7,400000e+002	4,230000e+003
7,410000e+002	4,181000e+003
7,420000e+002	4,037000e+003
7,430000e+002	3,792000e+003
7,440000e+002	3,691000e+003
7,450000e+002	3,847000e+003
7,460000e+002	3,600000e+003
7,470000e+002	3,557000e+003
7,480000e+002	3,428000e+003
7,490000e+002	3,204000e+003
7,500000e+002	3,218000e+003
_______________________________________________________________________________
