2.43072E+1	6.79530E+1	3.57356E+2
2.43072E+1	6.79560E+1	1.98527E+2
2.43024E+1	6.79360E+1	1.78679E+2
2.42896E+1	6.79120E+1	1.68758E+2
2.42800E+1	6.78860E+1	2.28313E+2
2.42704E+1	6.78610E+1	3.97160E+1
2.42528E+1	6.78390E+1	2.28316E+2
2.42432E+1	6.78150E+1	1.88604E+2
2.42352E+1	6.77900E+1	9.92660E+1
2.42272E+1	6.77690E+1	1.38964E+2
2.42176E+1	6.77420E+1	1.68759E+2
2.42080E+1	6.77180E+1	2.28312E+2
2.41952E+1	6.76920E+1	2.58095E+2
2.41856E+1	6.76690E+1	2.28317E+2
2.41776E+1	6.76440E+1	2.68019E+2
2.41680E+1	6.76180E+1	4.86402E+2
2.41568E+1	6.75920E+1	6.25394E+2
2.41440E+1	6.75750E+1	8.53692E+2
2.41376E+1	6.75460E+1	7.84223E+2
2.41280E+1	6.75220E+1	7.84206E+2
2.41184E+1	6.75010E+1	5.95630E+2
2.41072E+1	6.74730E+1	5.16200E+2
2.40928E+1	6.74470E+1	5.65830E+2
2.40848E+1	6.74220E+1	1.09190E+2
2.40784E+1	6.73970E+1	1.88590E+2
2.40688E+1	6.73720E+1	9.94000E+0
2.40560E+1	6.73480E+1	2.28320E+2
2.40432E+1	6.73270E+1	1.19140E+2
2.40352E+1	6.72970E+1	1.29080E+2
2.40272E+1	6.72720E+1	3.97300E+1
2.40192E+1	6.72500E+1	9.92900E+1
2.40112E+1	6.72250E+1	7.94400E+1
2.39984E+1	6.71990E+1	1.58840E+2
2.39856E+1	6.71780E+1	1.58820E+2
2.39760E+1	6.71510E+1	2.97600E+1
2.39696E+1	6.71280E+1	1.38950E+2
2.39616E+1	6.70990E+1	3.57330E+2
2.39504E+1	6.70790E+1	1.78700E+2
2.39376E+1	6.70510E+1	1.09230E+2
2.39280E+1	6.70340E+1	2.48150E+2
2.39200E+1	6.70000E+1	1.09190E+2
2.39120E+1	6.69760E+1	6.95100E+1
2.39024E+1	6.69540E+1	-1.09170E+2
2.38912E+1	6.69280E+1	1.88570E+2
2.38800E+1	6.69030E+1	6.94800E+1
2.38688E+1	6.68790E+1	2.18380E+2
2.38576E+1	6.68520E+1	2.08460E+2
2.38432E+1	6.68310E+1	2.68020E+2
2.38352E+1	6.68060E+1	1.98510E+2
2.38256E+1	6.67810E+1	1.78660E+2
2.38160E+1	6.67570E+1	2.28300E+2
2.38080E+1	6.67310E+1	1.29030E+2
2.37936E+1	6.67040E+1	1.98500E+1
2.37856E+1	6.66810E+1	3.87110E+2
2.37760E+1	6.66570E+1	2.28310E+2
2.37664E+1	6.66310E+1	3.17650E+2
2.37584E+1	6.66070E+1	2.77910E+2
2.37456E+1	6.65830E+1	3.67280E+2
2.37344E+1	6.65560E+1	4.66550E+2
2.37280E+1	6.65350E+1	3.77230E+2
2.37184E+1	6.65080E+1	3.77180E+2
2.37088E+1	6.64830E+1	2.08470E+2
2.36960E+1	6.64560E+1	7.94100E+1
2.36832E+1	6.64350E+1	9.93000E+0
2.36768E+1	6.64090E+1	-9.92000E+0
2.36672E+1	6.63850E+1	6.95100E+1
2.36592E+1	6.63560E+1	1.48910E+2
2.36496E+1	6.63320E+1	2.48120E+2
2.36336E+1	6.63100E+1	1.38970E+2
2.36256E+1	6.62810E+1	3.27570E+2
2.36160E+1	6.62590E+1	3.97400E+1
2.36080E+1	6.62310E+1	2.98000E+1
2.35984E+1	6.62100E+1	2.18400E+2
2.35856E+1	6.61820E+1	1.48900E+2
2.35776E+1	6.61550E+1	9.97000E+0
2.35680E+1	6.61270E+1	2.58090E+2
2.35584E+1	6.61100E+1	1.38960E+2
2.35504E+1	6.60810E+1	2.77920E+2
2.35376E+1	6.60560E+1	1.48910E+2
2.35264E+1	6.60310E+1	-4.96100E+1
2.35200E+1	6.60090E+1	1.58830E+2
2.35104E+1	6.59810E+1	-1.98700E+1
2.35024E+1	6.59560E+1	9.93000E+0
2.34912E+1	6.59290E+1	3.97300E+1
2.34768E+1	6.59120E+1	-9.91000E+0
2.34688E+1	6.58800E+1	1.68740E+2
2.34592E+1	6.58580E+1	1.38960E+2
2.34512E+1	6.58300E+1	3.67300E+2
2.34352E+1	6.58050E+1	3.17640E+2
2.34256E+1	6.57830E+1	3.37530E+2
2.34160E+1	6.57580E+1	1.78700E+2
2.34080E+1	6.57310E+1	3.17640E+2
2.33952E+1	6.57050E+1	4.66550E+2
2.33840E+1	6.56800E+1	3.37490E+2
2.33760E+1	6.56600E+1	5.06290E+2
2.33664E+1	6.56330E+1	5.26150E+2
2.33568E+1	6.56050E+1	4.76490E+2
2.33456E+1	6.55820E+1	3.47440E+2
2.33328E+1	6.55590E+1	4.46700E+2
2.33232E+1	6.55370E+1	3.47400E+2
2.33168E+1	6.55050E+1	1.58800E+2
2.33088E+1	6.54840E+1	1.78720E+2
2.32976E+1	6.54550E+1	-9.93000E+1
2.32848E+1	6.54300E+1	9.92600E+1
2.32736E+1	6.54030E+1	2.08450E+2
2.32656E+1	6.53800E+1	3.17620E+2
2.32576E+1	6.53540E+1	3.57370E+2
2.32496E+1	6.53300E+1	3.37500E+2
2.32384E+1	6.53070E+1	1.58830E+2
2.32240E+1	6.52840E+1	2.38270E+2
2.32144E+1	6.52560E+1	1.68790E+2
2.32080E+1	6.52290E+1	6.94900E+1
2.31984E+1	6.52070E+1	3.37500E+2
2.31904E+1	6.51830E+1	3.07720E+2
2.31744E+1	6.51560E+1	1.29090E+2
2.31664E+1	6.51310E+1	2.58110E+2
2.31568E+1	6.51060E+1	9.97000E+0
2.31488E+1	6.50780E+1	1.48920E+2
2.31392E+1	6.50520E+1	2.97800E+1
2.31280E+1	6.50270E+1	2.97790E+2
2.31168E+1	6.50030E+1	1.38990E+2
2.31104E+1	6.49810E+1	1.19120E+2
2.31024E+1	6.49540E+1	2.68010E+2
2.30928E+1	6.49310E+1	2.08490E+2
2.30800E+1	6.49040E+1	4.56620E+2
2.30688E+1	6.48770E+1	3.77180E+2
2.30608E+1	6.48530E+1	3.87150E+2
2.30512E+1	6.48280E+1	6.15420E+2
2.30384E+1	6.48030E+1	3.47440E+2
2.30256E+1	6.47770E+1	5.85600E+2
2.30160E+1	6.47520E+1	2.28350E+2
2.30064E+1	6.47310E+1	3.27620E+2
2.29984E+1	6.47020E+1	2.68050E+2
2.29888E+1	6.46760E+1	3.47460E+2
2.29728E+1	6.46510E+1	5.65760E+2
2.29664E+1	6.46240E+1	3.07710E+2
2.29568E+1	6.46060E+1	2.28280E+2
2.29472E+1	6.45770E+1	2.97760E+2
2.29360E+1	6.45490E+1	9.90000E+0
2.29232E+1	6.45220E+1	5.95700E+1
2.29136E+1	6.44980E+1	2.97700E+2
2.29072E+1	6.44710E+1	3.47360E+2
2.28992E+1	6.44530E+1	3.77160E+2
2.28864E+1	6.44220E+1	5.06200E+2
2.28736E+1	6.43980E+1	5.26070E+2
2.28640E+1	6.43720E+1	3.77200E+2
2.28560E+1	6.43480E+1	2.68030E+2
2.28480E+1	6.43260E+1	3.77200E+2
2.28400E+1	6.42970E+1	8.93100E+1
2.28272E+1	6.42730E+1	1.09270E+2
2.28144E+1	6.42500E+1	8.93700E+1
2.28048E+1	6.42220E+1	9.96000E+0
2.27968E+1	6.41960E+1	2.87830E+2
2.27888E+1	6.41720E+1	4.96000E+1
2.27792E+1	6.41460E+1	-5.95000E+1
2.27664E+1	6.41220E+1	6.94800E+1
2.27568E+1	6.40960E+1	2.97600E+1
2.27472E+1	6.40710E+1	8.92900E+1
2.27392E+1	6.40470E+1	-9.91000E+0
2.27312E+1	6.40210E+1	1.88560E+2
2.27152E+1	6.39950E+1	2.87900E+2
2.27072E+1	6.39660E+1	2.68070E+2
2.26992E+1	6.39420E+1	4.06950E+2
2.26928E+1	6.39220E+1	5.75660E+2
2.26832E+1	6.38920E+1	3.97100E+2
2.26720E+1	6.38670E+1	3.67390E+2
2.26592E+1	6.38410E+1	2.68140E+2
2.26496E+1	6.38170E+1	4.56510E+2
2.26368E+1	6.37930E+1	3.17660E+2
2.26240E+1	6.37670E+1	2.97760E+2
2.26144E+1	6.37410E+1	1.78700E+2
2.26048E+1	6.37180E+1	3.37400E+2
2.25968E+1	6.36930E+1	-2.58010E+2
2.25888E+1	6.36680E+1	2.67970E+2
2.25760E+1	6.36410E+1	1.98530E+2
2.25632E+1	6.36130E+1	4.96400E+1
2.25552E+1	6.35880E+1	1.38980E+2
2.25456E+1	6.35650E+1	3.27520E+2
2.25376E+1	6.35400E+1	3.97600E+1
2.25248E+1	6.35120E+1	1.78730E+2
2.25136E+1	6.34910E+1	2.38300E+2
2.25056E+1	6.34660E+1	1.78680E+2
2.24976E+1	6.34410E+1	5.95700E+1
2.24896E+1	6.34130E+1	2.08450E+2
2.24784E+1	6.33880E+1	5.95600E+1
2.24640E+1	6.33660E+1	2.18330E+2
2.24544E+1	6.33360E+1	1.29030E+2
2.24464E+1	6.33110E+1	7.94400E+1
2.24400E+1	6.32870E+1	-1.98600E+1
2.24320E+1	6.32600E+1	7.93600E+1
2.24176E+1	6.32360E+1	-2.96900E+1
2.24048E+1	6.32110E+1	1.68740E+2
2.23968E+1	6.31850E+1	1.98900E+1
2.23872E+1	6.31620E+1	3.47380E+2
2.23792E+1	6.31350E+1	4.26850E+2
2.23712E+1	6.31110E+1	1.19170E+2
2.23568E+1	6.30820E+1	4.07030E+2
2.23472E+1	6.30570E+1	4.26840E+2
2.23376E+1	6.30320E+1	5.25980E+2
2.23312E+1	6.30120E+1	5.55900E+2
2.23200E+1	6.29790E+1	3.87220E+2
2.23072E+1	6.29580E+1	3.37450E+2
2.22992E+1	6.29290E+1	3.17660E+2
2.22912E+1	6.29060E+1	2.67960E+2
2.22832E+1	6.28810E+1	3.97300E+1
2.22720E+1	6.28560E+1	1.98520E+2
2.22608E+1	6.28300E+1	5.95700E+1
2.22496E+1	6.28070E+1	3.97400E+1
2.22400E+1	6.27800E+1	2.38230E+2
2.22304E+1	6.27530E+1	2.38150E+2
2.22144E+1	6.27270E+1	1.58870E+2
2.22048E+1	6.27050E+1	2.38240E+2
2.21968E+1	6.26800E+1	2.87820E+2
2.21888E+1	6.26530E+1	3.07710E+2
2.21792E+1	6.26300E+1	9.97000E+0
2.21680E+1	6.26010E+1	-1.97900E+1
2.21552E+1	6.25760E+1	-4.96000E+1
2.21456E+1	6.25510E+1	1.39010E+2
2.21376E+1	6.25260E+1	4.97000E+1
2.21296E+1	6.24990E+1	5.95600E+1
2.21168E+1	6.24730E+1	4.95600E+1
2.21040E+1	6.24480E+1	-9.87000E+0
2.20960E+1	6.24210E+1	3.96700E+1
2.20880E+1	6.24020E+1	1.97500E+1
2.20784E+1	6.23760E+1	1.48820E+2
2.20688E+1	6.23470E+1	3.57350E+2
2.20528E+1	6.23180E+1	3.07720E+2
2.20448E+1	6.22960E+1	1.78730E+2
2.20384E+1	6.22750E+1	1.39130E+2
2.20304E+1	6.22440E+1	3.57430E+2
2.20192E+1	6.22190E+1	3.27610E+2
2.20048E+1	6.21920E+1	4.36710E+2
2.19952E+1	6.21690E+1	1.39020E+2
2.19872E+1	6.21470E+1	1.88640E+2
2.19792E+1	6.21170E+1	1.68770E+2
2.19712E+1	6.20920E+1	1.28990E+2
2.19600E+1	6.20670E+1	2.98400E+1
2.19456E+1	6.20380E+1	1.78700E+2
2.19360E+1	6.20180E+1	4.96600E+1
2.19296E+1	6.19900E+1	9.92700E+1
2.19200E+1	6.19620E+1	1.68680E+2
2.19104E+1	6.19370E+1	3.17590E+2
2.18976E+1	6.19120E+1	1.39080E+2
2.18896E+1	6.18890E+1	2.57960E+2
2.18800E+1	6.18660E+1	2.48080E+2
2.18720E+1	6.18370E+1	1.78710E+2
2.18640E+1	6.18130E+1	4.97300E+1
2.18496E+1	6.17870E+1	-3.97300E+1
2.18384E+1	6.17600E+1	1.88580E+2
2.18304E+1	6.17350E+1	2.48200E+2
2.18176E+1	6.17120E+1	5.16100E+2
2.18048E+1	6.16850E+1	4.26890E+2
2.17936E+1	6.16560E+1	2.87870E+2
2.17872E+1	6.16330E+1	4.66600E+2
2.17776E+1	6.16060E+1	4.36710E+2
2.17680E+1	6.15780E+1	4.96900E+1
2.17552E+1	6.15600E+1	7.95500E+1
2.17456E+1	6.15280E+1	3.87130E+2
2.17360E+1	6.15040E+1	2.58040E+2
2.17280E+1	6.14790E+1	2.48150E+2
2.17184E+1	6.14570E+1	2.97810E+2
2.17056E+1	6.14320E+1	3.67290E+2
2.16960E+1	6.14030E+1	3.97090E+2
2.16880E+1	6.13760E+1	3.07690E+2
2.16768E+1	6.13550E+1	4.96000E+1
2.16672E+1	6.13280E+1	1.88590E+2
2.16560E+1	6.13010E+1	2.58080E+2
2.16432E+1	6.12740E+1	1.48770E+2
2.16368E+1	6.12490E+1	-1.88500E+2
2.16288E+1	6.12210E+1	1.88530E+2
2.16208E+1	6.12000E+1	2.58010E+2
2.16080E+1	6.11740E+1	1.39040E+2
2.15936E+1	6.11470E+1	3.57320E+2
2.15856E+1	6.11200E+1	3.17540E+2
2.15760E+1	6.10990E+1	6.94900E+1
2.15696E+1	6.10650E+1	2.18370E+2
2.15616E+1	6.10450E+1	1.29020E+2
2.15488E+1	6.10230E+1	-9.93000E+0
2.15376E+1	6.09940E+1	-2.98700E+1
2.15280E+1	6.09670E+1	1.38910E+2
2.15184E+1	6.09410E+1	1.78670E+2
2.15120E+1	6.09150E+1	3.96000E+1
2.15008E+1	6.08940E+1	1.09260E+2
2.14880E+1	6.08670E+1	9.00000E-2
2.14800E+1	6.08370E+1	1.09170E+2
2.14704E+1	6.08120E+1	-6.94900E+1
2.14624E+1	6.07900E+1	1.09120E+2
2.14528E+1	6.07650E+1	2.58010E+2
2.14400E+1	6.07340E+1	1.98440E+2
2.14304E+1	6.07120E+1	3.96960E+2
2.14208E+1	6.06840E+1	1.88660E+2
2.14096E+1	6.06590E+1	2.78000E+2
2.13936E+1	6.06360E+1	2.68010E+2
2.13856E+1	6.06110E+1	2.58090E+2
2.13776E+1	6.05790E+1	3.37470E+2
2.13696E+1	6.05580E+1	2.97830E+2
2.13584E+1	6.05320E+1	2.28240E+2
2.13456E+1	6.05100E+1	1.98200E+1
2.13360E+1	6.04810E+1	-9.88000E+0
2.13264E+1	6.04560E+1	2.48210E+2
2.13168E+1	6.04290E+1	2.77830E+2
2.13072E+1	6.04030E+1	1.19080E+2
2.12944E+1	6.03780E+1	2.58010E+2
2.12848E+1	6.03570E+1	3.27560E+2
2.12768E+1	6.03320E+1	1.28980E+2
2.12688E+1	6.03020E+1	-2.96300E+1
2.12592E+1	6.02790E+1	4.96700E+1
2.12464E+1	6.02500E+1	-5.95800E+1
2.12336E+1	6.02270E+1	-1.29120E+2
2.12256E+1	6.01980E+1	7.93500E+1
2.12176E+1	6.01740E+1	2.97700E+1
2.12112E+1	6.01480E+1	1.58780E+2
2.12000E+1	6.01200E+1	3.97700E+1
2.11840E+1	6.00990E+1	9.97000E+0
2.11744E+1	6.00740E+1	4.95400E+1
2.11680E+1	6.00450E+1	-1.58780E+2
2.11584E+1	6.00230E+1	1.48730E+2
2.11504E+1	5.99950E+1	3.97600E+1
2.11360E+1	5.99640E+1	1.09170E+2
2.11280E+1	5.99410E+1	2.98400E+1
2.11168E+1	5.99180E+1	1.00500E+1
2.11088E+1	5.98900E+1	2.08390E+2
2.11024E+1	5.98650E+1	6.96600E+1
2.10896E+1	5.98430E+1	4.96700E+1
2.10784E+1	5.98120E+1	1.98370E+2
2.10704E+1	5.97870E+1	-1.28990E+2
1.28000E-2	5.97650E+1	3.98200E+1
2.10528E+1	5.97360E+1	2.96700E+1
2.10416E+1	5.97120E+1	2.18380E+2
2.10288E+1	5.96810E+1	2.18300E+2
2.10208E+1	5.96560E+1	1.00000E-2
2.10096E+1	5.96350E+1	8.93700E+1
2.10000E+1	5.96070E+1	1.88550E+2
2.09840E+1	5.95810E+1	1.68780E+2
2.09744E+1	5.95560E+1	4.97800E+1
2.09680E+1	5.95320E+1	9.92400E+1
2.09584E+1	5.95020E+1	9.92000E+1
2.09472E+1	5.94820E+1	-1.99200E+1
2.09360E+1	5.94560E+1	1.48810E+2
2.09264E+1	5.94280E+1	1.78590E+2
2.09168E+1	5.94010E+1	1.98100E+1
2.09088E+1	5.93780E+1	9.93400E+1
2.08960E+1	5.93480E+1	1.02237E+3
2.08832E+1	5.93230E+1	1.68762E+3
2.08736E+1	5.92990E+1	2.14418E+3
2.08672E+1	5.92740E+1	2.85880E+3
2.08592E+1	5.92510E+1	2.78930E+3
2.08480E+1	5.92220E+1	2.77940E+3
2.08352E+1	5.91970E+1	2.15390E+3
2.08240E+1	5.91720E+1	1.40970E+3
2.08160E+1	5.91490E+1	5.85900E+2
2.08080E+1	5.91210E+1	4.36500E+2
2.08000E+1	5.90940E+1	1.19100E+2
2.07888E+1	5.90680E+1	-1.09200E+2
2.07728E+1	5.90430E+1	1.88600E+2
2.07648E+1	5.90170E+1	1.48900E+2
2.07584E+1	5.89920E+1	1.98400E+2
2.07488E+1	5.89670E+1	1.38900E+2
2.07408E+1	5.89390E+1	4.97000E+1
2.07264E+1	5.89140E+1	1.97000E+1
2.07168E+1	5.88860E+1	2.78000E+2
2.07088E+1	5.88630E+1	-9.93000E+1
2.06992E+1	5.88340E+1	5.96000E+1
2.06912E+1	5.88090E+1	7.94000E+1
2.06768E+1	5.87810E+1	-3.99000E+1
2.06672E+1	5.87640E+1	8.93000E+1
2.06592E+1	5.87380E+1	-7.93000E+1
2.06512E+1	5.87070E+1	-9.93000E+1
2.06432E+1	5.86800E+1	-8.94000E+1
2.06304E+1	5.86590E+1	-1.28900E+2
2.06192E+1	5.86320E+1	3.96000E+1
2.06096E+1	5.86060E+1	2.97900E+2
2.06000E+1	5.85760E+1	1.78500E+2
2.05840E+1	5.85520E+1	2.18400E+2
2.05744E+1	5.85290E+1	2.58100E+2
2.05648E+1	5.85050E+1	1.78700E+2
2.05568E+1	5.84790E+1	3.87100E+2
2.05488E+1	5.84500E+1	1.19100E+2
2.05360E+1	5.84230E+1	2.99000E+1
2.05232E+1	5.83980E+1	1.38900E+2
2.05168E+1	5.83730E+1	-3.97000E+1
2.05072E+1	5.83480E+1	1.68700E+2
2.04992E+1	5.83220E+1	1.58800E+2
2.04864E+1	5.82960E+1	7.95000E+1
2.04736E+1	5.82680E+1	1.38800E+2
2.04640E+1	5.82400E+1	5.95000E+1
2.04576E+1	5.82190E+1	-1.58700E+2
2.04496E+1	5.81900E+1	2.98000E+1
2.04368E+1	5.81650E+1	-1.38900E+2
2.04240E+1	5.81400E+1	5.93000E+1
2.04144E+1	5.81180E+1	-2.28300E+2
2.04064E+1	5.80890E+1	1.09100E+2
2.03968E+1	5.80640E+1	1.09200E+2
2.03904E+1	5.80380E+1	1.58500E+2
2.03760E+1	5.80120E+1	-1.00000E-1
2.03648E+1	5.79840E+1	-5.96000E+1
2.03552E+1	5.79620E+1	3.96000E+1
2.03472E+1	5.79330E+1	-1.58800E+2
2.03392E+1	5.79090E+1	-1.68700E+2
2.03280E+1	5.78830E+1	-8.92000E+1
2.03152E+1	5.78580E+1	7.92000E+1
2.03088E+1	5.78310E+1	-1.29200E+2
2.02992E+1	5.78050E+1	-6.95000E+1
2.02896E+1	5.77770E+1	1.09200E+2
2.02784E+1	5.77500E+1	-4.96000E+1
2.02672E+1	5.77300E+1	-8.93000E+1
2.02592E+1	5.77020E+1	-6.96000E+1
2.02512E+1	5.76750E+1	-1.96000E+1
2.02416E+1	5.76510E+1	1.98000E+1
2.02336E+1	5.76260E+1	-1.29000E+2
2.02192E+1	5.75980E+1	5.95000E+1
2.02096E+1	5.75720E+1	1.19300E+2
2.01984E+1	5.75470E+1	1.00000E+1
2.01872E+1	5.75220E+1	-7.94000E+1
2.01744E+1	5.74950E+1	9.92000E+1
2.01648E+1	5.74700E+1	1.38900E+2
2.01552E+1	5.74420E+1	2.98000E+1
2.01488E+1	5.74200E+1	1.09100E+2
2.01408E+1	5.73910E+1	-1.28900E+2
2.01264E+1	5.73670E+1	-1.00000E-1
2.01152E+1	5.73420E+1	-1.99000E+1
2.01056E+1	5.73140E+1	9.90000E+0
2.00976E+1	5.72870E+1	4.96000E+1
2.00880E+1	5.72620E+1	-9.92000E+1
2.00752E+1	5.72380E+1	-1.98400E+2
2.00624E+1	5.72090E+1	1.04240E+3
2.00544E+1	5.71850E+1	4.29820E+3
2.00464E+1	5.71560E+1	7.79250E+3
2.00384E+1	5.71330E+1	1.02443E+4
2.00272E+1	5.71080E+1	1.10684E+4
2.00144E+1	5.70830E+1	1.07010E+4
2.00064E+1	5.70580E+1	9.10290E+3
1.99968E+1	5.70370E+1	5.41000E+3
1.99872E+1	5.70050E+1	2.38260E+3
1.99776E+1	5.69790E+1	7.14600E+2
1.99648E+1	5.69540E+1	2.67700E+2
1.99552E+1	5.69250E+1	2.02000E+1
1.99472E+1	5.69050E+1	1.78500E+2
1.99392E+1	5.68760E+1	-5.95000E+1
1.99296E+1	5.68510E+1	6.95000E+1
1.99168E+1	5.68270E+1	7.95000E+1
1.99056E+1	5.67970E+1	7.93000E+1
1.98992E+1	5.67700E+1	-2.48000E+2
1.98912E+1	5.67460E+1	7.92000E+1
1.98832E+1	5.67210E+1	-5.95000E+1
1.98720E+1	5.66970E+1	6.92000E+1
1.98560E+1	5.66680E+1	-1.00000E+1
1.98496E+1	5.66410E+1	-2.96000E+1
1.98400E+1	5.66200E+1	3.00000E+1
1.98320E+1	5.65960E+1	1.58800E+2
1.98240E+1	5.65640E+1	1.68800E+2
1.98112E+1	5.65420E+1	-4.95000E+1
1.98016E+1	5.65170E+1	6.95000E+1
1.97888E+1	5.64880E+1	8.93000E+1
1.97776E+1	5.64590E+1	-1.00000E+1
1.97648E+1	5.64340E+1	5.95000E+1
1.97536E+1	5.64100E+1	-8.92000E+1
1.97456E+1	5.63830E+1	-3.99000E+1
1.97392E+1	5.63590E+1	-2.77900E+2
1.97280E+1	5.63340E+1	-2.97700E+2
1.97152E+1	5.63080E+1	-1.88400E+2
1.97040E+1	5.62790E+1	-1.39000E+2
1.96944E+1	5.62540E+1	-1.88600E+2
1.96864E+1	5.62290E+1	-4.97000E+1
1.96784E+1	5.62040E+1	-2.98000E+1
1.96672E+1	5.61780E+1	1.39000E+2
1.96544E+1	5.61500E+1	-1.00000E+1
1.96464E+1	5.61280E+1	-1.96000E+1
1.96384E+1	5.61010E+1	1.48700E+2
1.96288E+1	5.60720E+1	-6.97000E+1
1.96160E+1	5.60450E+1	9.90000E+1
1.96032E+1	5.60250E+1	-2.67900E+2
1.95952E+1	5.59990E+1	-5.95000E+1
1.95872E+1	5.59670E+1	7.98000E+1
1.95792E+1	5.59450E+1	9.95000E+1
1.95712E+1	5.59180E+1	-2.48100E+2
1.95536E+1	5.58910E+1	-1.59100E+2
1.95456E+1	5.58660E+1	-3.47500E+2
1.95360E+1	5.58420E+1	-2.48500E+2
1.95296E+1	5.58180E+1	-6.95000E+1
1.95184E+1	5.57880E+1	6.95000E+1
1.95072E+1	5.57630E+1	-2.00000E+1
1.94960E+1	5.57370E+1	-1.38900E+2
1.94864E+1	5.57160E+1	1.99000E+1
1.94784E+1	5.56840E+1	1.58400E+2
1.94704E+1	5.56600E+1	1.01000E+1
1.94576E+1	5.56340E+1	-2.98000E+1
1.94464E+1	5.56090E+1	1.48700E+2
1.94384E+1	5.55810E+1	0.00000E+0
1.94320E+1	5.55580E+1	4.96000E+1
1.94224E+1	5.55300E+1	-5.96000E+1
1.94112E+1	5.55060E+1	-3.96000E+1
1.93984E+1	5.54760E+1	3.95000E+1
1.93888E+1	5.54540E+1	8.93000E+1
1.93776E+1	5.54220E+1	-1.88500E+2
1.93696E+1	5.53970E+1	-5.96000E+1
1.93552E+1	5.53750E+1	-1.48700E+2
1.93456E+1	5.53520E+1	-2.18200E+2
1.93360E+1	5.53250E+1	-1.00000E-1
1.93280E+1	5.52950E+1	3.17600E+2
1.93168E+1	5.52670E+1	1.14140E+3
1.93040E+1	5.52450E+1	7.66340E+3
1.92960E+1	5.52220E+1	1.57539E+4
1.92880E+1	5.51910E+1	2.01408E+4
1.92784E+1	5.51630E+1	2.15412E+4
1.92672E+1	5.51420E+1	2.12230E+4
1.92528E+1	5.51130E+1	1.75898E+4
1.92448E+1	5.50910E+1	8.56720E+3
1.92352E+1	5.50600E+1	3.77220E+3
1.92288E+1	5.50410E+1	5.55900E+2
1.92192E+1	5.50120E+1	2.07900E+2
1.92080E+1	5.49870E+1	-3.27400E+2
1.91952E+1	5.49560E+1	8.89000E+1
1.91856E+1	5.49350E+1	8.92000E+1
1.91776E+1	5.49080E+1	-2.01000E+1
1.91696E+1	5.48810E+1	-1.68600E+2
1.91568E+1	5.48550E+1	5.92000E+1
1.91440E+1	5.48290E+1	-2.05000E+1
1.91360E+1	5.48050E+1	6.93000E+1
1.91280E+1	5.47800E+1	1.29100E+2
1.91200E+1	5.47490E+1	-9.90000E+0
1.91088E+1	5.47260E+1	-1.28900E+2
1.90944E+1	5.47000E+1	1.98000E+1
1.90864E+1	5.46740E+1	7.93000E+1
1.90784E+1	5.46470E+1	-8.93000E+1
1.90704E+1	5.46220E+1	-2.27700E+2
1.90624E+1	5.45960E+1	-1.78200E+2
1.90480E+1	5.45710E+1	-9.91000E+1
1.90368E+1	5.45460E+1	3.91000E+1
1.90272E+1	5.45200E+1	2.96000E+1
1.90208E+1	5.44920E+1	-9.90000E+0
1.90128E+1	5.44640E+1	-7.90000E+1
1.90032E+1	5.44390E+1	-2.48300E+2
1.89904E+1	5.44120E+1	-5.95000E+2
1.89792E+1	5.43890E+1	-4.46300E+2
1.89696E+1	5.43640E+1	-3.99000E+1
1.89552E+1	5.43340E+1	8.90000E+1
1.89440E+1	5.43080E+1	1.28700E+2
1.89360E+1	5.42830E+1	-2.98000E+1
1.89280E+1	5.42580E+1	4.94000E+1
1.89200E+1	5.42350E+1	-2.97000E+1
1.89056E+1	5.42040E+1	1.19200E+2
1.88928E+1	5.41800E+1	2.77800E+2
1.88848E+1	5.41540E+1	-1.88500E+2
1.88768E+1	5.41300E+1	-2.87700E+2
1.88688E+1	5.41020E+1	-1.28900E+2
1.88592E+1	5.40790E+1	-2.08200E+2
1.88448E+1	5.40510E+1	-1.68900E+2
1.88336E+1	5.40270E+1	-1.58600E+2
1.88256E+1	5.39980E+1	2.03000E+1
1.88176E+1	5.39710E+1	1.00000E+1
1.88080E+1	5.39470E+1	-1.29000E+2
1.87936E+1	5.39190E+1	-1.38700E+2
1.87856E+1	5.38920E+1	-1.28900E+2
1.87776E+1	5.38670E+1	4.00000E-1
1.87680E+1	5.38460E+1	-1.39100E+2
1.87568E+1	5.38190E+1	-1.18700E+2
1.87472E+1	5.37920E+1	-4.94000E+1
1.87328E+1	5.37680E+1	1.39000E+2
1.87264E+1	5.37400E+1	5.95000E+1
1.87184E+1	5.37120E+1	-1.05000E+1
1.87104E+1	5.36850E+1	-1.08900E+2
1.86976E+1	5.36620E+1	-1.00000E-1
1.86848E+1	5.36310E+1	-1.09100E+2
1.86752E+1	5.36120E+1	-9.89000E+1
1.86672E+1	5.35810E+1	8.94000E+1
1.86608E+1	5.35580E+1	4.99000E+1
1.86528E+1	5.35290E+1	4.66300E+2
1.86368E+1	5.35050E+1	4.90390E+3
1.86256E+1	5.34790E+1	1.31328E+4
1.86192E+1	5.34510E+1	1.87313E+4
1.86112E+1	5.34300E+1	2.03892E+4
1.86032E+1	5.34020E+1	2.07569E+4
1.85936E+1	5.33750E+1	1.82152E+4
1.85808E+1	5.33440E+1	1.11881E+4
1.85696E+1	5.33250E+1	5.87630E+3
1.85600E+1	5.32970E+1	2.03510E+3
1.85440E+1	5.32720E+1	1.88600E+2
1.85328E+1	5.32430E+1	-4.92000E+1
1.85264E+1	5.32190E+1	-3.99000E+1
1.85168E+1	5.31890E+1	1.78500E+2
1.85104E+1	5.31650E+1	1.68200E+2
1.84992E+1	5.31350E+1	-2.87300E+2
1.84832E+1	5.31170E+1	-1.00000E+1
1.84736E+1	5.30890E+1	5.95000E+1
1.84672E+1	5.30610E+1	1.48600E+2
1.84576E+1	5.30340E+1	3.97000E+1
1.84480E+1	5.30090E+1	2.67200E+2
1.84352E+1	5.29810E+1	1.99000E+1
1.84240E+1	5.29590E+1	2.18000E+2
1.84160E+1	5.29340E+1	9.70000E+0
1.84080E+1	5.29030E+1	-4.96000E+1
1.83984E+1	5.28810E+1	-1.06000E+1
1.83856E+1	5.28550E+1	-1.78600E+2
1.83760E+1	5.28260E+1	-1.09100E+2
1.83680E+1	5.28000E+1	1.19000E+2
1.83568E+1	5.27730E+1	-9.50000E+0
1.83472E+1	5.27500E+1	-1.00000E-1
1.83344E+1	5.27260E+1	-1.28900E+2
1.83248E+1	5.26970E+1	-5.55100E+2
1.83168E+1	5.26730E+1	-5.75000E+2
1.83104E+1	5.26480E+1	-3.17900E+2
1.83008E+1	5.26190E+1	-1.78700E+2
1.82880E+1	5.25920E+1	-1.38100E+2
1.82752E+1	5.25650E+1	-5.97000E+1
1.82672E+1	5.25380E+1	-1.29100E+2
1.82592E+1	5.25180E+1	-9.93000E+1
1.82512E+1	5.24880E+1	-3.98000E+1
1.82432E+1	5.24600E+1	-1.28200E+2
1.82272E+1	5.24350E+1	2.92000E+1
1.82176E+1	5.24150E+1	-1.38400E+2
1.82096E+1	5.23820E+1	2.17500E+2
1.82016E+1	5.23560E+1	4.96000E+1
1.81952E+1	5.23340E+1	7.01000E+1
1.81824E+1	5.23050E+1	2.27800E+2
1.81712E+1	5.22800E+1	1.04000E+1
1.81600E+1	5.22530E+1	2.27000E+2
1.81456E+1	5.22300E+1	-5.95000E+1
1.81328E+1	5.22010E+1	-1.08000E+2
1.81232E+1	5.21770E+1	5.98000E+1
1.81152E+1	5.21490E+1	1.48600E+2
1.81088E+1	5.21270E+1	-3.99000E+1
1.80992E+1	5.20950E+1	1.38600E+2
1.80832E+1	5.20730E+1	1.97000E+1
1.80736E+1	5.20480E+1	-1.94000E+1
1.80656E+1	5.20220E+1	5.87000E+1
1.80576E+1	5.19980E+1	6.00000E-1
1.80512E+1	5.19680E+1	-1.48200E+2
1.80384E+1	5.19430E+1	2.97000E+1
1.80240E+1	5.19150E+1	1.09300E+2
1.80144E+1	5.18890E+1	9.63200E+2
1.80064E+1	5.18640E+1	1.79720E+3
1.79984E+1	5.18360E+1	2.33320E+3
1.79872E+1	5.18100E+1	2.50160E+3
1.79744E+1	5.17860E+1	2.26310E+3
1.79648E+1	5.17610E+1	1.46950E+3
1.79568E+1	5.17360E+1	9.43200E+2
1.79488E+1	5.17040E+1	3.87200E+2
1.79376E+1	5.16820E+1	4.93000E+1
1.79248E+1	5.16560E+1	-6.94000E+1
1.79152E+1	5.16290E+1	9.95000E+1
1.79088E+1	5.16000E+1	4.94000E+1
1.78992E+1	5.15780E+1	4.92000E+1
1.78880E+1	5.15530E+1	5.93000E+1
1.78768E+1	5.15290E+1	7.94000E+1
1.78640E+1	5.14980E+1	1.09000E+2
1.78576E+1	5.14720E+1	-2.07900E+2
1.78496E+1	5.14450E+1	-3.01000E+1
1.78416E+1	5.14180E+1	-9.88000E+1
1.78288E+1	5.13990E+1	-1.09200E+2
1.78160E+1	5.13710E+1	6.98000E+1
1.78096E+1	5.13440E+1	1.04000E+1
1.78000E+1	5.13160E+1	-1.19100E+2
1.77920E+1	5.12910E+1	3.95000E+1
1.77840E+1	5.12610E+1	-1.87800E+2
1.77728E+1	5.12410E+1	-3.95000E+1
1.77600E+1	5.12140E+1	5.93000E+1
1.77488E+1	5.11860E+1	1.38600E+2
1.77376E+1	5.11580E+1	1.09100E+2
1.77232E+1	5.11320E+1	-5.90000E+1
1.77152E+1	5.11070E+1	1.18600E+2
1.77072E+1	5.10830E+1	5.95000E+1
1.76992E+1	5.10560E+1	8.91000E+1
1.76880E+1	5.10310E+1	9.70000E+0
1.76720E+1	5.10030E+1	2.02000E+1
1.76640E+1	5.09810E+1	2.37700E+2
1.76544E+1	5.09530E+1	-1.29300E+2
1.76480E+1	5.09270E+1	-1.39100E+2
1.76400E+1	5.08990E+1	1.68600E+2
1.76272E+1	5.08710E+1	1.02000E+1
1.76128E+1	5.08520E+1	8.90000E+1
1.76048E+1	5.08200E+1	4.95000E+1
1.75968E+1	5.07940E+1	-1.09500E+2
1.75872E+1	5.07690E+1	1.28800E+2
1.75776E+1	5.07410E+1	4.91000E+1
1.75632E+1	5.07190E+1	2.98000E+1
1.75568E+1	5.06900E+1	-2.97000E+1
1.75472E+1	5.06630E+1	-7.91000E+1
1.75376E+1	5.06450E+1	4.95000E+1
1.75264E+1	5.06130E+1	1.68800E+2
1.75136E+1	5.05880E+1	-5.87000E+1
1.75056E+1	5.05620E+1	-9.88000E+1
1.74992E+1	5.05380E+1	1.78100E+2
1.74912E+1	5.05130E+1	-2.00000E+1
1.74816E+1	5.04840E+1	-1.02000E+1
1.74656E+1	5.04570E+1	-6.00000E-1
1.74560E+1	5.04320E+1	-3.90000E+1
1.74464E+1	5.04050E+1	2.97000E+1
1.74400E+1	5.03800E+1	2.97400E+2
1.74320E+1	5.03550E+1	1.48900E+2
1.74224E+1	5.03290E+1	1.88400E+2
1.74064E+1	5.02970E+1	5.96000E+1
1.73984E+1	5.02750E+1	1.98100E+2
1.73904E+1	5.02530E+1	-5.02000E+1
1.73824E+1	5.02220E+1	2.00000E+1
1.73728E+1	5.01950E+1	-7.97000E+1
1.73600E+1	5.01710E+1	-4.92000E+1
1.73504E+1	5.01460E+1	-5.98000E+1
1.73392E+1	5.01180E+1	-7.98000E+1
1.73264E+1	5.00950E+1	-2.95000E+1
1.73136E+1	5.00680E+1	1.58600E+2
1.73056E+1	5.00430E+1	1.58100E+2
1.72976E+1	5.00160E+1	-1.09000E+2
1.72896E+1	4.99920E+1	5.99000E+1
1.72768E+1	4.99640E+1	1.02000E+1
1.72624E+1	4.99340E+1	1.88200E+2
1.72544E+1	4.99140E+1	1.58500E+2
1.72464E+1	4.98850E+1	-3.00000E-1
1.72384E+1	4.98580E+1	-1.03000E+1
1.72304E+1	4.98350E+1	4.96000E+1
1.72144E+1	4.98100E+1	1.77900E+2
1.72032E+1	4.97850E+1	-1.01000E+1
