2,43072E+1	6,80080E+1	3,27576E+2
2,43072E+1	6,80080E+1	9,92520E+1
2,42960E+1	6,79850E+1	2,18376E+2
2,42864E+1	6,79610E+1	1,19117E+2
2,42752E+1	6,79350E+1	-6,94950E+1
2,42624E+1	6,79110E+1	1,29045E+2
2,42512E+1	6,78860E+1	4,96230E+1
2,42416E+1	6,78640E+1	-2,97880E+1
2,42320E+1	6,78370E+1	-9,93000E+0
2,42240E+1	6,78150E+1	2,38230E+2
2,42144E+1	6,77880E+1	1,68749E+2
2,42000E+1	6,77670E+1	-2,97810E+1
2,41920E+1	6,77400E+1	9,92570E+1
2,41840E+1	6,77150E+1	1,78678E+2
2,41744E+1	6,76920E+1	1,78681E+2
2,41648E+1	6,76640E+1	2,77944E+2
2,41504E+1	6,76440E+1	5,16181E+2
2,41408E+1	6,76180E+1	8,73545E+2
2,41312E+1	6,75920E+1	1,33018E+3
2,41232E+1	6,75690E+1	1,65774E+3
2,41152E+1	6,75460E+1	1,60812E+3
2,41024E+1	6,75220E+1	1,59819E+3
2,40896E+1	6,74930E+1	1,59819E+3
2,40816E+1	6,74690E+1	1,11178E+3
2,40736E+1	6,74430E+1	1,00260E+3
2,40656E+1	6,74210E+1	4,96310E+2
2,40512E+1	6,73960E+1	1,58830E+2
2,40400E+1	6,73710E+1	6,94900E+1
2,40320E+1	6,73460E+1	-1,29010E+2
2,40240E+1	6,73210E+1	1,09200E+2
2,40160E+1	6,72990E+1	1,38990E+2
2,40032E+1	6,72720E+1	7,94000E+1
2,39920E+1	6,72490E+1	-1,29050E+2
2,39824E+1	6,72240E+1	1,98600E+1
2,39744E+1	6,72000E+1	3,97200E+1
2,39664E+1	6,71720E+1	-1,58810E+2
2,39584E+1	6,71500E+1	1,58820E+2
2,39424E+1	6,71220E+1	2,48110E+2
2,39328E+1	6,70970E+1	9,94000E+0
2,39232E+1	6,70750E+1	-8,93300E+1
2,39168E+1	6,70540E+1	1,58780E+2
2,39088E+1	6,70240E+1	-8,93200E+1
2,38976E+1	6,70010E+1	-7,93800E+1
2,38864E+1	6,69760E+1	5,95700E+1
2,38752E+1	6,69530E+1	2,08440E+2
2,38656E+1	6,69240E+1	-1,38970E+2
2,38512E+1	6,69030E+1	-9,90000E+0
2,38416E+1	6,68770E+1	-6,94900E+1
2,38320E+1	6,68500E+1	4,00000E-2
2,38224E+1	6,68280E+1	1,09160E+2
2,38144E+1	6,68020E+1	2,48120E+2
2,38016E+1	6,67780E+1	-1,98300E+1
2,37904E+1	6,67540E+1	9,92000E+0
2,37824E+1	6,67280E+1	9,94000E+0
2,37728E+1	6,67020E+1	-1,98600E+1
2,37648E+1	6,66780E+1	-9,88000E+0
2,37552E+1	6,66540E+1	9,92900E+1
2,37408E+1	6,66280E+1	2,18400E+2
2,37312E+1	6,66020E+1	-9,92100E+1
2,37232E+1	6,65750E+1	1,98500E+1
2,37136E+1	6,65540E+1	1,09180E+2
2,37056E+1	6,65310E+1	2,38210E+2
2,36896E+1	6,65060E+1	2,97600E+1
2,36816E+1	6,64810E+1	8,93400E+1
2,36736E+1	6,64530E+1	9,92500E+1
2,36640E+1	6,64310E+1	9,91000E+0
2,36560E+1	6,64050E+1	9,92000E+0
2,36400E+1	6,63780E+1	4,96000E+1
2,36304E+1	6,63560E+1	6,95000E+1
2,36224E+1	6,63280E+1	1,78690E+2
2,36144E+1	6,63060E+1	4,96200E+1
2,36064E+1	6,62800E+1	-3,97100E+1
2,35936E+1	6,62550E+1	8,93500E+1
2,35808E+1	6,62280E+1	8,93200E+1
2,35728E+1	6,62060E+1	5,95600E+1
2,35648E+1	6,61770E+1	-3,00000E-2
2,35552E+1	6,61550E+1	-1,98200E+1
2,35488E+1	6,61300E+1	-3,97200E+1
2,35328E+1	6,61070E+1	-4,96300E+1
2,35232E+1	6,60810E+1	2,97700E+1
2,35168E+1	6,60560E+1	5,95800E+1
2,35088E+1	6,60300E+1	1,68720E+2
2,35008E+1	6,60060E+1	8,93100E+1
2,34864E+1	6,59790E+1	3,97400E+1
2,34768E+1	6,59560E+1	-3,96700E+1
2,34656E+1	6,59310E+1	-9,94000E+0
2,34560E+1	6,59060E+1	4,96300E+1
2,34432E+1	6,58790E+1	-2,97800E+1
2,34304E+1	6,58540E+1	1,98550E+2
2,34224E+1	6,58300E+1	1,29030E+2
2,34128E+1	6,58060E+1	3,07700E+2
2,34048E+1	6,57810E+1	-1,98400E+1
2,33904E+1	6,57560E+1	1,48950E+2
2,33792E+1	6,57300E+1	3,97100E+1
2,33712E+1	6,57060E+1	2,08450E+2
2,33632E+1	6,56840E+1	2,67980E+2
2,33552E+1	6,56570E+1	3,27550E+2
2,33424E+1	6,56290E+1	1,58820E+2
2,33296E+1	6,56050E+1	2,58110E+2
2,33216E+1	6,55790E+1	-9,95000E+0
2,33120E+1	6,55550E+1	3,97300E+1
2,33024E+1	6,55280E+1	7,94100E+1
2,32960E+1	6,55050E+1	2,18330E+2
2,32800E+1	6,54820E+1	1,09170E+2
2,32704E+1	6,54570E+1	1,98400E+1
2,32608E+1	6,54320E+1	2,97790E+2
2,32528E+1	6,54040E+1	2,77950E+2
2,32448E+1	6,53780E+1	2,77950E+2
2,32320E+1	6,53540E+1	9,94000E+0
2,32208E+1	6,53270E+1	-4,95900E+1
2,32128E+1	6,53050E+1	3,97600E+1
2,32048E+1	6,52770E+1	1,38950E+2
2,31952E+1	6,52500E+1	1,68760E+2
2,31824E+1	6,52270E+1	8,93500E+1
2,31712E+1	6,52040E+1	6,95100E+1
2,31632E+1	6,51780E+1	2,38230E+2
2,31536E+1	6,51540E+1	-6,94500E+1
2,31472E+1	6,51250E+1	1,98400E+1
2,31360E+1	6,51040E+1	1,78670E+2
2,31232E+1	6,50750E+1	1,00000E-2
2,31136E+1	6,50520E+1	8,93300E+1
2,31056E+1	6,50280E+1	9,98000E+0
2,30976E+1	6,50020E+1	6,95100E+1
2,30896E+1	6,49750E+1	-4,00000E-2
2,30752E+1	6,49530E+1	4,96000E+1
2,30640E+1	6,49290E+1	2,00000E-2
2,30544E+1	6,49030E+1	9,92000E+0
2,30432E+1	6,48740E+1	2,68010E+2
2,30304E+1	6,48520E+1	8,93300E+1
2,30208E+1	6,48260E+1	3,47330E+2
2,30112E+1	6,48020E+1	2,28290E+2
2,30032E+1	6,47760E+1	2,48200E+2
2,29952E+1	6,47490E+1	-4,95700E+1
2,29808E+1	6,47270E+1	1,38950E+2
2,29696E+1	6,46980E+1	1,58820E+2
2,29616E+1	6,46720E+1	1,38970E+2
2,29536E+1	6,46510E+1	-6,94300E+1
2,29456E+1	6,46220E+1	2,28300E+2
2,29312E+1	6,45970E+1	-9,93000E+0
2,29200E+1	6,45740E+1	9,93000E+0
2,29104E+1	6,45510E+1	1,29010E+2
2,29040E+1	6,45230E+1	3,97300E+1
2,28944E+1	6,44970E+1	3,67360E+2
2,28816E+1	6,44730E+1	1,02236E+3
2,28704E+1	6,44460E+1	9,82750E+2
2,28608E+1	6,44210E+1	1,28058E+3
2,28528E+1	6,43970E+1	1,39966E+3
2,28432E+1	6,43710E+1	1,15152E+3
2,28352E+1	6,43470E+1	1,31028E+3
2,28208E+1	6,43220E+1	7,94150E+2
2,28112E+1	6,42960E+1	3,87110E+2
2,28032E+1	6,42720E+1	2,97880E+2
2,27952E+1	6,42460E+1	-8,00000E-2
2,27856E+1	6,42190E+1	1,68740E+2
2,27728E+1	6,41940E+1	-1,19100E+2
2,27616E+1	6,41690E+1	4,97000E+1
2,27536E+1	6,41410E+1	-3,97400E+1
2,27440E+1	6,41200E+1	6,94600E+1
2,27376E+1	6,40960E+1	0,00000E+0
2,27248E+1	6,40680E+1	5,94600E+1
2,27120E+1	6,40420E+1	1,38970E+2
2,27040E+1	6,40200E+1	4,96700E+1
2,26960E+1	6,39920E+1	1,19170E+2
2,26880E+1	6,39640E+1	1,29080E+2
2,26800E+1	6,39410E+1	2,28260E+2
2,26656E+1	6,39140E+1	2,08350E+2
2,26560E+1	6,38910E+1	7,93300E+1
2,26448E+1	6,38660E+1	2,08440E+2
2,26352E+1	6,38430E+1	6,96100E+1
2,26208E+1	6,38140E+1	2,28280E+2
2,26096E+1	6,37930E+1	0,00000E+0
2,26016E+1	6,37620E+1	3,27460E+2
2,25936E+1	6,37380E+1	2,08450E+2
2,25872E+1	6,37160E+1	1,19100E+2
2,25712E+1	6,36910E+1	1,09250E+2
2,25600E+1	6,36650E+1	9,92000E+0
2,25520E+1	6,36420E+1	-6,95100E+1
2,25440E+1	6,36130E+1	2,97800E+1
2,25360E+1	6,35900E+1	2,08410E+2
2,25200E+1	6,35590E+1	3,97200E+1
2,25104E+1	6,35340E+1	9,92100E+1
2,25008E+1	6,35110E+1	1,98900E+1
2,24928E+1	6,34900E+1	1,88550E+2
2,24864E+1	6,34630E+1	1,99400E+1
2,24704E+1	6,34400E+1	-1,97900E+1
2,24608E+1	6,34130E+1	-1,98100E+1
2,24512E+1	6,33870E+1	1,38980E+2
2,24432E+1	6,33610E+1	-2,97500E+1
2,24352E+1	6,33370E+1	1,98800E+1
2,24224E+1	6,33080E+1	8,92900E+1
2,24112E+1	6,32850E+1	8,93200E+1
2,24016E+1	6,32630E+1	7,94300E+1
2,23936E+1	6,32350E+1	-3,96900E+1
2,23856E+1	6,32100E+1	-1,09180E+2
2,23760E+1	6,31850E+1	5,95600E+1
2,23632E+1	6,31570E+1	-9,93000E+0
2,23536E+1	6,31320E+1	-1,98700E+1
2,23440E+1	6,31040E+1	2,87870E+2
2,23376E+1	6,30790E+1	2,38240E+2
2,23280E+1	6,30560E+1	2,67930E+2
2,23136E+1	6,30310E+1	1,09210E+2
2,23040E+1	6,30060E+1	2,77970E+2
2,22944E+1	6,29770E+1	7,93600E+1
2,22880E+1	6,29560E+1	3,97000E+1
2,22800E+1	6,29290E+1	1,98530E+2
2,22704E+1	6,29030E+1	1,48890E+2
2,22576E+1	6,28780E+1	1,29090E+2
2,22448E+1	6,28530E+1	-9,93000E+0
2,22352E+1	6,28300E+1	1,09160E+2
2,22224E+1	6,28020E+1	2,28270E+2
2,22096E+1	6,27780E+1	1,38990E+2
2,22016E+1	6,27490E+1	3,96600E+1
2,21936E+1	6,27260E+1	1,38910E+2
2,21856E+1	6,26990E+1	1,09160E+2
2,21760E+1	6,26730E+1	5,95500E+1
2,21616E+1	6,26490E+1	4,96100E+1
2,21504E+1	6,26230E+1	3,97200E+1
2,21424E+1	6,25990E+1	8,94100E+1
2,21344E+1	6,25730E+1	2,18360E+2
2,21248E+1	6,25480E+1	-5,95200E+1
2,21104E+1	6,25230E+1	-1,48870E+2
2,21008E+1	6,24970E+1	1,98300E+1
2,20928E+1	6,24700E+1	1,78590E+2
2,20848E+1	6,24480E+1	4,95700E+1
2,20752E+1	6,24230E+1	-9,98000E+0
2,20624E+1	6,23970E+1	1,39000E+2
2,20512E+1	6,23680E+1	1,19080E+2
2,20432E+1	6,23430E+1	3,97600E+1
2,20352E+1	6,23190E+1	6,94200E+1
2,20256E+1	6,22930E+1	-9,92700E+1
2,20128E+1	6,22670E+1	1,09270E+2
2,20000E+1	6,22400E+1	-3,95700E+1
2,19920E+1	6,22140E+1	-4,96600E+1
2,19840E+1	6,21930E+1	3,17570E+2
2,19744E+1	6,21650E+1	1,09160E+2
2,19616E+1	6,21390E+1	1,28950E+2
2,19504E+1	6,21140E+1	-1,38910E+2
2,19424E+1	6,20920E+1	4,95900E+1
2,19344E+1	6,20610E+1	-1,98600E+1
2,19264E+1	6,20380E+1	9,92800E+1
2,19184E+1	6,20120E+1	-8,93400E+1
2,19040E+1	6,19850E+1	3,07680E+2
2,18928E+1	6,19600E+1	1,88610E+2
2,18848E+1	6,19350E+1	9,00000E-2
2,18784E+1	6,19100E+1	2,68030E+2
2,18688E+1	6,18830E+1	4,97100E+1
2,18608E+1	6,18590E+1	2,48090E+2
2,18464E+1	6,18350E+1	-9,91800E+1
2,18352E+1	6,18100E+1	-5,94800E+1
2,18256E+1	6,17830E+1	6,65020E+2
2,18112E+1	6,17590E+1	9,52990E+2
2,18000E+1	6,17310E+1	1,53864E+3
2,17920E+1	6,17060E+1	1,68754E+3
2,17840E+1	6,16800E+1	2,27315E+3
2,17744E+1	6,16520E+1	2,11447E+3
2,17632E+1	6,16290E+1	2,15411E+3
2,17504E+1	6,16040E+1	1,65774E+3
2,17424E+1	6,15780E+1	9,72840E+2
2,17328E+1	6,15530E+1	5,95620E+2
2,17248E+1	6,15300E+1	2,48200E+2
2,17152E+1	6,15030E+1	4,96700E+1
2,17008E+1	6,14760E+1	1,09300E+2
2,16912E+1	6,14500E+1	-9,84000E+0
2,16832E+1	6,14250E+1	1,19180E+2
2,16752E+1	6,14000E+1	3,87020E+2
2,16656E+1	6,13740E+1	3,77090E+2
2,16512E+1	6,13460E+1	-8,92400E+1
2,16416E+1	6,13220E+1	3,97300E+1
2,16320E+1	6,12960E+1	-1,98300E+1
2,16240E+1	6,12740E+1	1,88520E+2
2,16160E+1	6,12460E+1	9,88000E+0
2,16016E+1	6,12200E+1	-1,78630E+2
2,15920E+1	6,11960E+1	7,94300E+1
2,15824E+1	6,11700E+1	9,92500E+1
2,15744E+1	6,11450E+1	1,88590E+2
2,15648E+1	6,11190E+1	2,98300E+1
2,15536E+1	6,10940E+1	6,96500E+1
2,15424E+1	6,10670E+1	5,95300E+1
2,15328E+1	6,10420E+1	-9,92800E+1
2,15248E+1	6,10160E+1	6,95000E+1
2,15184E+1	6,09910E+1	-1,58810E+2
2,15088E+1	6,09650E+1	-8,93300E+1
2,14928E+1	6,09400E+1	3,96600E+1
2,14832E+1	6,09130E+1	8,94200E+1
2,14752E+1	6,08910E+1	2,98300E+1
2,14656E+1	6,08610E+1	-1,99000E+1
2,14592E+1	6,08370E+1	1,99300E+1
2,14464E+1	6,08120E+1	-3,97000E+1
2,14368E+1	6,07840E+1	-1,78620E+2
2,14256E+1	6,07620E+1	2,18290E+2
2,14176E+1	6,07320E+1	1,19070E+2
2,14032E+1	6,07080E+1	5,96400E+1
2,13920E+1	6,06820E+1	9,92200E+1
2,13824E+1	6,06580E+1	2,68050E+2
2,13744E+1	6,06320E+1	2,87870E+2
2,13664E+1	6,06070E+1	9,93600E+1
2,13536E+1	6,05790E+1	2,87800E+2
2,13408E+1	6,05530E+1	-4,95100E+1
2,13328E+1	6,05310E+1	7,94800E+1
2,13232E+1	6,05080E+1	8,93600E+1
2,13152E+1	6,04790E+1	1,09130E+2
2,13008E+1	6,04530E+1	6,95800E+1
2,12896E+1	6,04250E+1	1,09250E+2
2,12816E+1	6,04030E+1	2,38280E+2
2,12720E+1	6,03730E+1	1,68760E+2
2,12656E+1	6,03520E+1	2,98700E+1
2,12544E+1	6,03250E+1	9,93100E+1
2,12400E+1	6,02980E+1	2,18310E+2
2,12320E+1	6,02710E+1	3,97700E+1
2,12240E+1	6,02460E+1	-1,68690E+2
2,12160E+1	6,02190E+1	7,95500E+1
2,12064E+1	6,01960E+1	1,99600E+1
2,11920E+1	6,01700E+1	9,86000E+0
2,11808E+1	6,01450E+1	7,00000E-2
2,11744E+1	6,01180E+1	-3,00000E-2
2,11648E+1	6,00930E+1	-3,96600E+1
2,11568E+1	6,00680E+1	8,94400E+1
2,11424E+1	6,00390E+1	8,92000E+1
2,11312E+1	6,00140E+1	-9,93000E+1
2,11232E+1	5,99910E+1	8,94300E+1
2,11152E+1	5,99650E+1	2,18310E+2
2,11072E+1	5,99390E+1	2,08420E+2
2,10960E+1	5,99120E+1	6,94000E+1
2,10848E+1	5,98860E+1	1,29090E+2
2,10736E+1	5,98620E+1	1,68790E+2
2,10656E+1	5,98370E+1	9,92900E+1
2,10576E+1	5,98080E+1	6,95800E+1
2,10512E+1	5,97820E+1	2,08320E+2
2,10368E+1	5,97600E+1	-1,00000E+1
2,10272E+1	5,97330E+1	-2,97700E+1
2,10160E+1	5,97070E+1	2,08390E+2
2,10080E+1	5,96810E+1	1,99900E+1
2,09920E+1	5,96560E+1	1,48860E+2
2,09808E+1	5,96280E+1	1,98520E+2
2,09712E+1	5,96050E+1	-5,95200E+1
2,09632E+1	5,95800E+1	7,95100E+1
2,09552E+1	5,95510E+1	1,10000E-1
2,09424E+1	5,95270E+1	-6,94500E+1
2,09296E+1	5,95020E+1	2,57980E+2
2,09232E+1	5,94800E+1	1,09090E+2
2,09152E+1	5,94520E+1	-9,93000E+0
2,09056E+1	5,94260E+1	9,94000E+0
2,08912E+1	5,94020E+1	-1,68740E+2
2,08800E+1	5,93730E+1	9,92300E+1
2,08736E+1	5,93480E+1	1,18111E+3
2,08640E+1	5,93260E+1	2,17390E+3
2,08560E+1	5,92940E+1	3,07710E+3
2,08448E+1	5,92690E+1	4,06990E+3
2,08320E+1	5,92450E+1	4,28840E+3
2,08208E+1	5,92180E+1	4,46700E+3
2,08128E+1	5,91900E+1	3,63320E+3
2,08048E+1	5,91670E+1	2,41210E+3
2,07952E+1	5,91400E+1	1,61800E+3
2,07808E+1	5,91150E+1	2,08500E+2
2,07712E+1	5,90890E+1	1,29000E+2
2,07632E+1	5,90640E+1	2,97000E+1
2,07552E+1	5,90380E+1	-9,93000E+1
2,07456E+1	5,90140E+1	-9,80000E+0
2,07312E+1	5,89850E+1	1,78800E+2
2,07200E+1	5,89610E+1	0,00000E+0
2,07120E+1	5,89340E+1	-1,00000E+1
2,07040E+1	5,89090E+1	-1,99000E+1
2,06960E+1	5,88860E+1	1,00000E-1
2,06848E+1	5,88570E+1	-4,96000E+1
2,06720E+1	5,88310E+1	3,17400E+2
2,06640E+1	5,88070E+1	-3,98000E+1
2,06560E+1	5,87820E+1	1,00000E+1
2,06480E+1	5,87560E+1	4,95000E+1
2,06400E+1	5,87300E+1	-1,09200E+2
2,06256E+1	5,87050E+1	1,88300E+2
2,06160E+1	5,86770E+1	1,98000E+1
2,06064E+1	5,86520E+1	3,97000E+1
2,05920E+1	5,86310E+1	1,38900E+2
2,05808E+1	5,86020E+1	9,94000E+1
2,05696E+1	5,85770E+1	9,90000E+0
2,05616E+1	5,85510E+1	3,47300E+2
2,05536E+1	5,85230E+1	3,77100E+2
2,05440E+1	5,84970E+1	3,67400E+2
2,05312E+1	5,84730E+1	2,48300E+2
2,05200E+1	5,84460E+1	2,38300E+2
2,05120E+1	5,84210E+1	1,39100E+2
2,05040E+1	5,83960E+1	1,78800E+2
2,04944E+1	5,83690E+1	2,96000E+1
2,04800E+1	5,83440E+1	2,00000E-1
2,04704E+1	5,83150E+1	1,58900E+2
2,04608E+1	5,82890E+1	1,68600E+2
2,04544E+1	5,82630E+1	7,94000E+1
2,04448E+1	5,82400E+1	1,98000E+1
2,04304E+1	5,82140E+1	-4,97000E+1
2,04208E+1	5,81900E+1	-9,92000E+1
2,04112E+1	5,81630E+1	3,96000E+1
2,04032E+1	5,81390E+1	5,95000E+1
2,03952E+1	5,81120E+1	1,09100E+2
2,03856E+1	5,80870E+1	-4,96000E+1
2,03712E+1	5,80590E+1	2,48000E+2
2,03616E+1	5,80350E+1	4,95000E+1
2,03536E+1	5,80080E+1	1,09200E+2
2,03456E+1	5,79830E+1	-1,00000E+1
2,03360E+1	5,79560E+1	6,94000E+1
2,03216E+1	5,79310E+1	-7,93000E+1
2,03120E+1	5,79040E+1	7,94000E+1
2,03024E+1	5,78790E+1	4,97000E+1
2,02944E+1	5,78540E+1	-1,88500E+2
2,02864E+1	5,78270E+1	-7,94000E+1
2,02720E+1	5,78040E+1	-1,88700E+2
2,02640E+1	5,77760E+1	1,78700E+2
2,02544E+1	5,77480E+1	1,68700E+2
2,02464E+1	5,77290E+1	2,98000E+1
2,02384E+1	5,76980E+1	2,08400E+2
2,02288E+1	5,76730E+1	6,94000E+1
2,02176E+1	5,76480E+1	1,19200E+2
2,02048E+1	5,76210E+1	-2,97000E+1
2,01952E+1	5,75980E+1	1,97000E+1
2,01808E+1	5,75680E+1	4,94000E+1
2,01712E+1	5,75410E+1	9,93000E+1
2,01616E+1	5,75180E+1	1,68600E+2
2,01536E+1	5,74950E+1	-7,94000E+1
2,01456E+1	5,74700E+1	9,90000E+0
2,01328E+1	5,74420E+1	-5,95000E+1
2,01216E+1	5,74140E+1	-4,95000E+1
2,01104E+1	5,73910E+1	1,19200E+2
2,01024E+1	5,73640E+1	-1,38800E+2
2,00944E+1	5,73380E+1	2,95000E+1
2,00848E+1	5,73130E+1	1,00000E+1
2,00704E+1	5,72850E+1	-5,94000E+1
2,00608E+1	5,72630E+1	-1,98000E+1
2,00512E+1	5,72340E+1	-1,09000E+2
2,00432E+1	5,72090E+1	2,77800E+2
2,00352E+1	5,71830E+1	2,06490E+3
2,00192E+1	5,71560E+1	4,66550E+3
2,00096E+1	5,71300E+1	6,87920E+3
2,00032E+1	5,71060E+1	8,23910E+3
1,99936E+1	5,70800E+1	8,98380E+3
1,99872E+1	5,70520E+1	9,13250E+3
1,99728E+1	5,70290E+1	7,37560E+3
1,99600E+1	5,70040E+1	4,13930E+3
1,99536E+1	5,69740E+1	1,09190E+3
1,99440E+1	5,69510E+1	2,28500E+2
1,99360E+1	5,69260E+1	9,93000E+1
1,99264E+1	5,69020E+1	-8,94000E+1
1,99120E+1	5,68720E+1	-8,93000E+1
1,99024E+1	5,68470E+1	9,80000E+0
1,98944E+1	5,68210E+1	-1,18700E+2
1,98864E+1	5,67970E+1	-1,39000E+2
1,98768E+1	5,67720E+1	8,94000E+1
1,98640E+1	5,67420E+1	-9,92000E+1
1,98528E+1	5,67200E+1	3,98000E+1
1,98448E+1	5,66930E+1	4,96000E+1
1,98368E+1	5,66660E+1	2,97000E+1
1,98288E+1	5,66420E+1	1,38700E+2
1,98176E+1	5,66140E+1	-7,94000E+1
1,98064E+1	5,65890E+1	1,98700E+2
1,97936E+1	5,65600E+1	-1,18900E+2
1,97856E+1	5,65370E+1	2,58000E+2
1,97712E+1	5,65130E+1	-7,95000E+1
1,97600E+1	5,64880E+1	-7,93000E+1
1,97504E+1	5,64590E+1	-6,94000E+1
1,97440E+1	5,64370E+1	5,95000E+1
1,97360E+1	5,64060E+1	6,94000E+1
1,97232E+1	5,63800E+1	1,48500E+2
1,97104E+1	5,63550E+1	9,91000E+1
1,97024E+1	5,63300E+1	-3,07600E+2
1,96928E+1	5,63050E+1	-2,98000E+2
1,96848E+1	5,62760E+1	-2,67700E+2
1,96736E+1	5,62530E+1	-3,97000E+1
1,96592E+1	5,62260E+1	-1,29000E+2
1,96512E+1	5,62010E+1	-9,91000E+1
1,96432E+1	5,61760E+1	-2,95000E+1
1,96336E+1	5,61490E+1	-7,89000E+1
1,96256E+1	5,61240E+1	2,98000E+1
1,96096E+1	5,60970E+1	9,91000E+1
1,96000E+1	5,60710E+1	-8,92000E+1
1,95920E+1	5,60450E+1	1,78800E+2
1,95840E+1	5,60170E+1	-1,08800E+2
1,95760E+1	5,59960E+1	-4,97000E+1
1,95600E+1	5,59700E+1	3,99000E+1
1,95520E+1	5,59410E+1	4,96000E+1
1,95424E+1	5,59170E+1	-2,99000E+1
1,95344E+1	5,58920E+1	-3,27400E+2
1,95248E+1	5,58640E+1	-2,77900E+2
1,95136E+1	5,58370E+1	-2,38400E+2
1,95024E+1	5,58080E+1	-1,29400E+2
1,94928E+1	5,57840E+1	-2,96000E+1
1,94864E+1	5,57600E+1	-2,28600E+2
1,94768E+1	5,57330E+1	4,96000E+1
1,94688E+1	5,57080E+1	1,68500E+2
1,94544E+1	5,56810E+1	2,08500E+2
1,94432E+1	5,56540E+1	1,78500E+2
1,94368E+1	5,56280E+1	-1,58800E+2
1,94272E+1	5,56040E+1	-2,99000E+1
1,94208E+1	5,55760E+1	2,77600E+2
1,94080E+1	5,55530E+1	-3,99000E+1
1,93952E+1	5,55260E+1	4,95000E+1
1,93856E+1	5,55010E+1	1,38900E+2
1,93760E+1	5,54760E+1	2,28100E+2
1,93616E+1	5,54490E+1	6,94000E+1
1,93504E+1	5,54240E+1	-1,48500E+2
1,93424E+1	5,53970E+1	7,95000E+1
1,93344E+1	5,53700E+1	3,94000E+1
1,93248E+1	5,53450E+1	7,94000E+1
1,93104E+1	5,53210E+1	2,99000E+1
1,92992E+1	5,52920E+1	-1,58800E+2
1,92928E+1	5,52660E+1	6,05500E+2
1,92832E+1	5,52390E+1	3,76230E+3
1,92736E+1	5,52120E+1	9,13270E+3
1,92608E+1	5,51890E+1	1,35101E+4
1,92496E+1	5,51620E+1	1,53364E+4
1,92416E+1	5,51370E+1	1,54363E+4
1,92320E+1	5,51100E+1	1,42450E+4
1,92240E+1	5,50840E+1	9,90660E+3
1,92128E+1	5,50560E+1	3,75260E+3
1,92016E+1	5,50340E+1	4,76800E+2
1,91904E+1	5,50060E+1	5,95000E+1
1,91840E+1	5,49790E+1	-1,39000E+2
1,91760E+1	5,49550E+1	1,29000E+2
1,91664E+1	5,49260E+1	8,99000E+1
1,91520E+1	5,49020E+1	1,00000E-1
1,91408E+1	5,48810E+1	-1,00000E+1
1,91328E+1	5,48500E+1	-9,93000E+1
1,91248E+1	5,48260E+1	-5,98000E+1
1,91168E+1	5,48000E+1	-2,01000E+1
1,91024E+1	5,47720E+1	-3,00000E-1
1,90912E+1	5,47470E+1	-6,93000E+1
1,90832E+1	5,47210E+1	1,48300E+2
1,90752E+1	5,46960E+1	-1,94000E+1
1,90656E+1	5,46680E+1	5,97000E+1
1,90560E+1	5,46460E+1	4,95000E+1
1,90432E+1	5,46170E+1	-1,78700E+2
1,90352E+1	5,45910E+1	-4,94000E+1
1,90272E+1	5,45680E+1	-5,89000E+1
1,90176E+1	5,45380E+1	-6,00000E+1
1,90096E+1	5,45130E+1	1,01000E+1
1,89968E+1	5,44880E+1	-1,18800E+2
1,89856E+1	5,44620E+1	-1,68300E+2
1,89760E+1	5,44340E+1	-2,08300E+2
1,89648E+1	5,44090E+1	-5,06000E+2
1,89520E+1	5,43850E+1	-3,27700E+2
1,89408E+1	5,43580E+1	-1,78900E+2
1,89328E+1	5,43300E+1	-5,00000E-1
1,89232E+1	5,43080E+1	2,18400E+2
1,89152E+1	5,42810E+1	-2,97000E+1
1,89008E+1	5,42540E+1	-4,95000E+1
1,88896E+1	5,42260E+1	-7,90000E+1
1,88816E+1	5,42010E+1	-6,95000E+1
1,88736E+1	5,41720E+1	1,29000E+2
1,88656E+1	5,41470E+1	-6,92000E+1
1,88512E+1	5,41250E+1	-8,96000E+1
1,88400E+1	5,40960E+1	-2,06000E+1
1,88304E+1	5,40710E+1	-2,68000E+2
1,88224E+1	5,40430E+1	-1,48500E+2
1,88144E+1	5,40180E+1	5,92000E+1
1,88048E+1	5,39930E+1	2,08300E+2
1,87904E+1	5,39680E+1	-5,95000E+1
1,87808E+1	5,39420E+1	1,79100E+2
1,87728E+1	5,39140E+1	7,97000E+1
1,87632E+1	5,38910E+1	7,92000E+1
1,87552E+1	5,38660E+1	3,17400E+2
1,87408E+1	5,38350E+1	2,28000E+2
1,87312E+1	5,38100E+1	1,48900E+2
1,87232E+1	5,37840E+1	-8,94000E+1
1,87136E+1	5,37590E+1	-1,68100E+2
1,87072E+1	5,37340E+1	-1,95000E+1
1,86912E+1	5,37090E+1	1,39100E+2
1,86816E+1	5,36810E+1	7,91000E+1
1,86736E+1	5,36540E+1	-1,18900E+2
1,86656E+1	5,36300E+1	-4,98000E+1
1,86560E+1	5,36040E+1	8,90000E+1
1,86432E+1	5,35730E+1	-2,00000E-1
1,86336E+1	5,35500E+1	-2,18000E+2
1,86240E+1	5,35250E+1	2,68300E+2
1,86176E+1	5,34970E+1	3,16710E+3
1,86080E+1	5,34720E+1	8,67630E+3
1,86000E+1	5,34460E+1	1,42447E+4
1,85872E+1	5,34190E+1	1,53964E+4
1,85760E+1	5,33920E+1	1,51186E+4
1,85664E+1	5,33680E+1	1,57738E+4
1,85536E+1	5,33420E+1	1,10287E+4
1,85408E+1	5,33130E+1	4,58630E+3
1,85296E+1	5,32880E+1	1,69730E+3
1,85232E+1	5,32610E+1	-1,97700E+2
1,85136E+1	5,32390E+1	-2,08400E+2
1,85056E+1	5,32100E+1	-3,95000E+1
1,84912E+1	5,31860E+1	-9,80000E+0
1,84800E+1	5,31600E+1	1,91000E+1
1,84720E+1	5,31310E+1	7,95000E+1
1,84624E+1	5,31060E+1	1,09300E+2
1,84544E+1	5,30800E+1	2,28600E+2
1,84416E+1	5,30590E+1	1,29300E+2
1,84304E+1	5,30260E+1	2,17600E+2
1,84224E+1	5,30020E+1	2,38200E+2
1,84128E+1	5,29770E+1	2,18500E+2
1,84032E+1	5,29520E+1	2,48200E+2
1,83904E+1	5,29250E+1	2,97100E+2
1,83808E+1	5,28970E+1	2,98000E+1
1,83712E+1	5,28730E+1	-1,18200E+2
1,83632E+1	5,28510E+1	9,80000E+0
1,83552E+1	5,28210E+1	-5,04000E+1
1,83440E+1	5,27970E+1	-9,70000E+0
1,83312E+1	5,27680E+1	2,05000E+1
1,83216E+1	5,27430E+1	3,91000E+1
1,83136E+1	5,27140E+1	-1,18800E+2
1,83056E+1	5,26900E+1	-2,87600E+2
1,82976E+1	5,26650E+1	-2,98200E+2
1,82816E+1	5,26390E+1	-3,07400E+2
1,82720E+1	5,26110E+1	-1,68700E+2
1,82640E+1	5,25890E+1	6,95000E+1
1,82560E+1	5,25570E+1	-4,00000E-1
1,82480E+1	5,25360E+1	1,29100E+2
1,82336E+1	5,25050E+1	-5,96000E+1
1,82224E+1	5,24810E+1	-2,67500E+2
1,82144E+1	5,24560E+1	4,91000E+1
1,82064E+1	5,24310E+1	-1,38900E+2
1,81984E+1	5,24030E+1	-3,99000E+1
1,81920E+1	5,23800E+1	-1,08000E+2
1,81744E+1	5,23490E+1	5,98000E+1
1,81664E+1	5,23260E+1	1,48900E+2
1,81552E+1	5,22990E+1	6,00000E-1
1,81408E+1	5,22730E+1	9,92000E+1
1,81296E+1	5,22470E+1	8,89000E+1
1,81216E+1	5,22220E+1	-8,95000E+1
1,81136E+1	5,21940E+1	4,99000E+1
1,81056E+1	5,21680E+1	2,18100E+2
1,80944E+1	5,21450E+1	2,87700E+2
1,80816E+1	5,21160E+1	4,75400E+2
1,80704E+1	5,20910E+1	2,18400E+2
1,80624E+1	5,20660E+1	2,87400E+2
1,80528E+1	5,20400E+1	3,17500E+2
1,80448E+1	5,20110E+1	6,97000E+1
1,80304E+1	5,19850E+1	3,97000E+1
1,80192E+1	5,19570E+1	-1,00000E+1
1,80112E+1	5,19350E+1	-5,00000E-1
1,80032E+1	5,19080E+1	5,97000E+1
1,79952E+1	5,18800E+1	9,72800E+2
1,79824E+1	5,18580E+1	1,52900E+3
1,79696E+1	5,18280E+1	2,27280E+3
1,79616E+1	5,18030E+1	2,14420E+3
1,79536E+1	5,17780E+1	2,18350E+3
1,79456E+1	5,17520E+1	1,84640E+3
1,79296E+1	5,17270E+1	6,84900E+2
1,79200E+1	5,17010E+1	2,17700E+2
1,79120E+1	5,16730E+1	3,47600E+2
1,79040E+1	5,16490E+1	3,97100E+2
1,78960E+1	5,16240E+1	5,45600E+2
1,78848E+1	5,15940E+1	5,75100E+2
1,78720E+1	5,15700E+1	5,56400E+2
1,78608E+1	5,15410E+1	4,36300E+2
1,78544E+1	5,15160E+1	9,94000E+1
1,78464E+1	5,14930E+1	1,98200E+2
1,78368E+1	5,14640E+1	2,77600E+2
1,78224E+1	5,14370E+1	1,28400E+2
1,78128E+1	5,14120E+1	-4,96000E+1
1,78048E+1	5,13870E+1	1,19300E+2
1,77968E+1	5,13610E+1	4,01000E+1
1,77888E+1	5,13350E+1	-3,90000E+1
1,77824E+1	5,13060E+1	-3,93000E+1
1,77664E+1	5,12850E+1	-1,97000E+1
1,77552E+1	5,12560E+1	-6,89000E+1
1,77456E+1	5,12280E+1	1,58300E+2
1,77296E+1	5,12030E+1	-3,93000E+1
1,77200E+1	5,11770E+1	9,94000E+1
1,77120E+1	5,11560E+1	8,24100E+2
1,77040E+1	5,11280E+1	2,02500E+3
1,76944E+1	5,10990E+1	2,42120E+3
1,76784E+1	5,10710E+1	2,07530E+3
1,76704E+1	5,10500E+1	2,11490E+3
1,76608E+1	5,10210E+1	1,63830E+3
1,76528E+1	5,09950E+1	9,32600E+2
1,76432E+1	5,09660E+1	1,88400E+2
1,76336E+1	5,09420E+1	5,93000E+1
1,76208E+1	5,09150E+1	8,91000E+1
1,76112E+1	5,08910E+1	-1,78800E+2
1,76032E+1	5,08630E+1	1,28900E+2
1,75936E+1	5,08370E+1	2,94000E+1
1,75856E+1	5,08110E+1	7,96000E+1
1,75712E+1	5,07840E+1	1,96000E+1
1,75600E+1	5,07580E+1	8,82000E+1
1,75520E+1	5,07360E+1	-3,00000E+1
1,75440E+1	5,07080E+1	1,39200E+2
1,75360E+1	5,06800E+1	1,88700E+2
1,75216E+1	5,06570E+1	5,02000E+1
1,75104E+1	5,06330E+1	3,91000E+1
1,75024E+1	5,06040E+1	-3,00000E+1
1,74944E+1	5,05790E+1	1,09500E+2
1,74864E+1	5,05530E+1	-4,98000E+1
1,74736E+1	5,05240E+1	-4,94000E+1
1,74624E+1	5,05010E+1	-1,27800E+2
1,74528E+1	5,04740E+1	4,96000E+1
1,74448E+1	5,04460E+1	2,28200E+2
1,74368E+1	5,04200E+1	-6,98000E+1
1,74288E+1	5,03960E+1	1,88000E+2
1,74144E+1	5,03710E+1	1,09500E+2
1,74032E+1	5,03450E+1	1,58400E+2
1,73952E+1	5,03140E+1	-1,91000E+1
1,73872E+1	5,02930E+1	5,01000E+1
1,73792E+1	5,02680E+1	1,08800E+2
1,73664E+1	5,02380E+1	1,08300E+2
1,73552E+1	5,02160E+1	-3,93000E+1
1,73456E+1	5,01880E+1	9,90000E+1
1,73360E+1	5,01620E+1	7,96000E+1
1,73200E+1	5,01340E+1	-5,95000E+1
1,73104E+1	5,01120E+1	1,28700E+2
1,73024E+1	5,00840E+1	-1,88200E+2
1,72944E+1	5,00540E+1	-4,97000E+1
1,72848E+1	5,00290E+1	2,95000E+1
1,72720E+1	5,00040E+1	3,96000E+1
1,72608E+1	4,99790E+1	-3,99000E+1
1,72512E+1	4,99510E+1	2,00000E-1
1,72432E+1	4,99270E+1	-2,96000E+1
1,72352E+1	4,99000E+1	-1,08700E+2
1,72224E+1	4,98750E+1	-1,08600E+2
1,72112E+1	4,98480E+1	-9,40000E+0
1,72016E+1	4,98170E+1	2,01000E+1
