2.72992E+1	7.59280E+1	4.26848E+2
2.72992E+1	7.59270E+1	5.85679E+2
2.72944E+1	7.59070E+1	6.65084E+2
2.72864E+1	7.58860E+1	6.75025E+2
2.72800E+1	7.58610E+1	8.43747E+2
2.72656E+1	7.58400E+1	7.94117E+2
2.72560E+1	7.58150E+1	6.25392E+2
2.72464E+1	7.57870E+1	6.94865E+2
2.72384E+1	7.57650E+1	5.65830E+2
2.72304E+1	7.57400E+1	3.27580E+2
2.72208E+1	7.57190E+1	1.58840E+2
2.72096E+1	7.56930E+1	1.29070E+2
2.71968E+1	7.56690E+1	3.77230E+2
2.71888E+1	7.56430E+1	2.58090E+2
2.71808E+1	7.56220E+1	3.87130E+2
2.71728E+1	7.55960E+1	5.06270E+2
2.71648E+1	7.55730E+1	9.52940E+2
2.71488E+1	7.55520E+1	3.29563E+3
2.71392E+1	7.55230E+1	3.44455E+3
2.71296E+1	7.54980E+1	3.37508E+3
2.71152E+1	7.54760E+1	3.25598E+3
2.71056E+1	7.54480E+1	3.14679E+3
2.70960E+1	7.54250E+1	3.34522E+3
2.70880E+1	7.54000E+1	3.13690E+3
2.70800E+1	7.53780E+1	3.39497E+3
2.70656E+1	7.53510E+1	1.24090E+3
2.70544E+1	7.53290E+1	6.35280E+2
2.70448E+1	7.53010E+1	7.34590E+2
2.70384E+1	7.52780E+1	7.84200E+2
2.70288E+1	7.52530E+1	1.06215E+3
2.70160E+1	7.52260E+1	7.24720E+2
2.70048E+1	7.52010E+1	8.13950E+2
2.69952E+1	7.51780E+1	5.45940E+2
2.69888E+1	7.51540E+1	5.65800E+2
2.69792E+1	7.51320E+1	3.27570E+2
2.69696E+1	7.51020E+1	4.96100E+1
2.69536E+1	7.50790E+1	5.96200E+1
2.69440E+1	7.50520E+1	1.68660E+2
2.69376E+1	7.50280E+1	-9.93000E+0
2.69264E+1	7.49980E+1	-8.93000E+1
2.69200E+1	7.49760E+1	8.94700E+1
2.69072E+1	7.49530E+1	-3.97600E+1
2.68944E+1	7.49270E+1	2.28230E+2
2.68880E+1	7.49030E+1	6.94400E+1
2.68784E+1	7.48800E+1	2.58040E+2
2.68704E+1	7.48520E+1	1.19070E+2
2.68576E+1	7.48280E+1	3.07730E+2
2.68464E+1	7.48050E+1	4.56580E+2
2.68368E+1	7.47770E+1	5.06250E+2
2.68272E+1	7.47520E+1	5.65820E+2
2.68208E+1	7.47270E+1	6.94840E+2
2.68096E+1	7.47080E+1	6.75000E+2
2.68000E+1	7.46790E+1	4.46850E+2
2.67872E+1	7.46540E+1	6.84850E+2
2.67792E+1	7.46310E+1	4.86390E+2
2.67712E+1	7.46050E+1	1.09220E+2
2.67632E+1	7.45790E+1	2.87860E+2
2.67520E+1	7.45530E+1	2.67990E+2
2.67376E+1	7.45290E+1	4.46700E+2
2.67296E+1	7.45040E+1	4.66530E+2
2.67184E+1	7.44790E+1	7.54290E+2
2.67040E+1	7.44550E+1	7.64410E+2
2.66944E+1	7.44320E+1	6.94910E+2
2.66864E+1	7.44050E+1	6.25320E+2
2.66800E+1	7.43820E+1	5.65860E+2
2.66688E+1	7.43550E+1	4.86540E+2
2.66560E+1	7.43320E+1	3.47430E+2
2.66448E+1	7.43060E+1	2.68050E+2
2.66352E+1	7.42810E+1	9.97000E+0
2.66272E+1	7.42530E+1	2.97500E+1
2.66176E+1	7.42280E+1	-1.00300E+1
2.66080E+1	7.42030E+1	-1.19010E+2
2.65936E+1	7.41810E+1	4.96300E+1
2.65840E+1	7.41520E+1	1.28970E+2
2.65776E+1	7.41280E+1	-2.97200E+1
2.65664E+1	7.41050E+1	2.97000E+1
2.65600E+1	7.40770E+1	2.08470E+2
2.65440E+1	7.40570E+1	3.97100E+1
2.65344E+1	7.40300E+1	9.93100E+1
2.65264E+1	7.40030E+1	2.97810E+2
2.65168E+1	7.39760E+1	3.67230E+2
2.65120E+1	7.39520E+1	5.55950E+2
2.64944E+1	7.39310E+1	7.94110E+2
2.64864E+1	7.39040E+1	8.33930E+2
2.64784E+1	7.38790E+1	9.92720E+2
2.64672E+1	7.38520E+1	9.33000E+2
2.64624E+1	7.38270E+1	6.05600E+2
2.64480E+1	7.38040E+1	5.65900E+2
2.64368E+1	7.37770E+1	5.55800E+2
2.64272E+1	7.37510E+1	1.19200E+2
2.64192E+1	7.37290E+1	-9.90000E+0
2.64112E+1	7.37030E+1	-2.97000E+1
2.63984E+1	7.36800E+1	1.00000E-1
2.63872E+1	7.36540E+1	4.95000E+1
2.63776E+1	7.36260E+1	-1.19100E+2
2.63712E+1	7.36040E+1	6.95000E+1
2.63616E+1	7.35780E+1	3.97000E+1
2.63520E+1	7.35480E+1	1.58800E+2
2.63424E+1	7.35290E+1	5.96000E+1
2.63280E+1	7.35000E+1	6.97000E+1
2.63216E+1	7.34780E+1	3.47300E+2
2.63072E+1	7.34530E+1	3.47400E+2
2.62960E+1	7.34270E+1	5.26000E+2
2.62848E+1	7.34000E+1	6.94700E+2
2.62768E+1	7.33740E+1	7.34500E+2
2.62688E+1	7.33500E+1	8.73500E+2
2.62592E+1	7.33250E+1	6.35200E+2
2.62448E+1	7.33010E+1	4.36800E+2
2.62336E+1	7.32780E+1	3.37400E+2
2.62256E+1	7.32520E+1	1.01000E+1
2.62176E+1	7.32260E+1	2.58200E+2
2.62080E+1	7.31990E+1	2.97900E+2
2.61984E+1	7.31740E+1	3.77200E+2
2.61840E+1	7.31450E+1	6.25300E+2
2.61760E+1	7.31240E+1	6.25300E+2
2.61680E+1	7.30980E+1	4.36900E+2
2.61584E+1	7.30730E+1	5.46000E+2
2.61456E+1	7.30480E+1	5.65800E+2
2.61344E+1	7.30220E+1	5.16100E+2
2.61264E+1	7.29980E+1	3.87000E+2
2.61168E+1	7.29710E+1	2.38300E+2
2.61088E+1	7.29460E+1	2.78000E+2
2.60960E+1	7.29220E+1	7.95000E+1
2.60848E+1	7.28970E+1	3.97000E+1
2.60752E+1	7.28730E+1	1.09100E+2
2.60672E+1	7.28460E+1	2.18400E+2
2.60592E+1	7.28180E+1	-1.98000E+1
2.60512E+1	7.27920E+1	1.68800E+2
2.60384E+1	7.27670E+1	1.58800E+2
2.60256E+1	7.27390E+1	1.29000E+2
2.60176E+1	7.27210E+1	5.96000E+1
2.60096E+1	7.26950E+1	1.98500E+2
2.60000E+1	7.26690E+1	3.57500E+2
2.59904E+1	7.26440E+1	6.05500E+2
2.59760E+1	7.26170E+1	5.26000E+2
2.59696E+1	7.25940E+1	7.94200E+2
2.59600E+1	7.25670E+1	8.43800E+2
2.59520E+1	7.25410E+1	7.64200E+2
2.59440E+1	7.25170E+1	7.34400E+2
2.59280E+1	7.24900E+1	6.85000E+2
2.59216E+1	7.24690E+1	4.36900E+2
2.59088E+1	7.24410E+1	3.37700E+2
2.58960E+1	7.24150E+1	1.29100E+2
2.58832E+1	7.23910E+1	1.01000E+1
2.58736E+1	7.23650E+1	6.95000E+1
2.58672E+1	7.23430E+1	1.78500E+2
2.58576E+1	7.23120E+1	-7.94000E+1
2.58496E+1	7.22870E+1	-6.92000E+1
2.58336E+1	7.22610E+1	7.93000E+1
2.58240E+1	7.22380E+1	8.93000E+1
2.58160E+1	7.22110E+1	2.48300E+2
2.58064E+1	7.21900E+1	1.48800E+2
2.58000E+1	7.21600E+1	3.87000E+2
2.57840E+1	7.21390E+1	2.48200E+2
2.57744E+1	7.21100E+1	4.76600E+2
2.57664E+1	7.20890E+1	3.67200E+2
2.57568E+1	7.20630E+1	4.76600E+2
2.57488E+1	7.20350E+1	2.68000E+2
2.57360E+1	7.20100E+1	2.97900E+2
2.57264E+1	7.19880E+1	2.88100E+2
2.57152E+1	7.19630E+1	2.08500E+2
2.57072E+1	7.19350E+1	2.77900E+2
2.56992E+1	7.19090E+1	2.38200E+2
2.56864E+1	7.18810E+1	3.47500E+2
2.56752E+1	7.18620E+1	3.27600E+2
2.56656E+1	7.18340E+1	3.97100E+2
2.56576E+1	7.18100E+1	4.26900E+2
2.56496E+1	7.17820E+1	3.97200E+2
2.56384E+1	7.17570E+1	1.78800E+2
2.56256E+1	7.17320E+1	3.07700E+2
2.56160E+1	7.17070E+1	-1.68600E+2
2.56080E+1	7.16780E+1	4.97000E+1
2.56000E+1	7.16550E+1	-2.96000E+1
2.55904E+1	7.16290E+1	-8.92000E+1
2.55808E+1	7.16020E+1	1.68600E+2
2.55664E+1	7.15820E+1	6.94000E+1
2.55600E+1	7.15500E+1	2.96000E+1
2.55504E+1	7.15310E+1	1.78700E+2
2.55424E+1	7.15030E+1	2.57900E+2
2.55344E+1	7.14770E+1	2.08500E+2
2.55184E+1	7.14560E+1	2.38200E+2
2.55104E+1	7.14270E+1	1.58800E+2
2.54976E+1	7.13990E+1	5.85500E+2
2.54848E+1	7.13760E+1	8.33900E+2
2.54736E+1	7.13490E+1	1.65780E+3
2.54656E+1	7.13260E+1	2.33270E+3
2.54576E+1	7.13010E+1	3.18660E+3
2.54480E+1	7.12700E+1	3.85150E+3
2.54384E+1	7.12490E+1	4.69550E+3
2.54240E+1	7.12230E+1	6.04540E+3
2.54144E+1	7.11940E+1	5.97580E+3
2.54080E+1	7.11720E+1	5.35060E+3
2.53968E+1	7.11460E+1	4.23860E+3
2.53872E+1	7.11190E+1	3.35510E+3
2.53744E+1	7.11000E+1	2.67020E+3
2.53632E+1	7.10730E+1	2.04500E+3
2.53568E+1	7.10430E+1	7.64300E+2
2.53472E+1	7.10180E+1	-9.90000E+0
2.53392E+1	7.09970E+1	8.95000E+1
2.53264E+1	7.09690E+1	2.68200E+2
2.53152E+1	7.09430E+1	4.86400E+2
2.53072E+1	7.09170E+1	2.68100E+2
2.52976E+1	7.08950E+1	3.97100E+2
2.52896E+1	7.08670E+1	5.55600E+2
2.52768E+1	7.08410E+1	5.06200E+2
2.52640E+1	7.08170E+1	2.97800E+2
2.52560E+1	7.07930E+1	3.07600E+2
2.52464E+1	7.07640E+1	2.08500E+2
2.52400E+1	7.07410E+1	2.67800E+2
2.52288E+1	7.07200E+1	2.57900E+2
2.52144E+1	7.06920E+1	3.47400E+2
2.52064E+1	7.06610E+1	2.88200E+2
2.51968E+1	7.06370E+1	2.38000E+2
2.51920E+1	7.06130E+1	3.77300E+2
2.51808E+1	7.05880E+1	3.57100E+2
2.51664E+1	7.05610E+1	2.87700E+2
2.51568E+1	7.05340E+1	2.78000E+2
2.51488E+1	7.05150E+1	1.98200E+2
2.51424E+1	7.04890E+1	5.96000E+1
2.51328E+1	7.04580E+1	-9.90000E+1
2.51216E+1	7.04350E+1	7.92000E+1
2.51088E+1	7.04110E+1	2.94000E+1
2.50992E+1	7.03850E+1	-3.96000E+1
2.50896E+1	7.03580E+1	-1.96000E+1
2.50752E+1	7.03350E+1	2.18600E+2
2.50640E+1	7.03060E+1	-5.97000E+1
2.50544E+1	7.02850E+1	1.98400E+2
2.50480E+1	7.02570E+1	2.18200E+2
2.50384E+1	7.02310E+1	4.98000E+1
2.50256E+1	7.02020E+1	-5.93000E+1
2.50128E+1	7.01770E+1	1.48800E+2
2.50048E+1	7.01570E+1	1.59100E+2
2.49984E+1	7.01310E+1	3.67400E+2
2.49872E+1	7.01030E+1	3.67200E+2
2.49792E+1	7.00800E+1	7.24500E+2
2.49648E+1	7.00530E+1	3.17600E+2
2.49552E+1	7.00270E+1	5.85500E+2
2.49472E+1	7.00000E+1	3.17900E+2
2.49376E+1	6.99730E+1	2.01000E+1
2.49312E+1	6.99500E+1	2.00000E-1
2.49152E+1	6.99290E+1	-5.96000E+1
2.49056E+1	6.99010E+1	2.98000E+1
2.48976E+1	6.98720E+1	8.97000E+1
2.48880E+1	6.98480E+1	9.90000E+0
2.48816E+1	6.98220E+1	2.18500E+2
2.48656E+1	6.98000E+1	2.28000E+2
2.48560E+1	6.97710E+1	3.37500E+2
2.48464E+1	6.97490E+1	2.68300E+2
2.48368E+1	6.97220E+1	4.16700E+2
2.48304E+1	6.97010E+1	2.48000E+2
2.48176E+1	6.96720E+1	1.98700E+2
2.48064E+1	6.96460E+1	2.48200E+2
2.47968E+1	6.96200E+1	2.58000E+2
2.47888E+1	6.95920E+1	-2.96000E+1
2.47808E+1	6.95690E+1	2.28300E+2
2.47696E+1	6.95410E+1	7.96000E+1
2.47584E+1	6.95160E+1	2.08100E+2
2.47488E+1	6.94900E+1	2.48200E+2
2.47392E+1	6.94670E+1	5.00000E-1
2.47312E+1	6.94380E+1	2.97700E+2
2.47232E+1	6.94120E+1	1.49000E+2
2.47136E+1	6.93900E+1	-6.92000E+1
2.46992E+1	6.93600E+1	2.67900E+2
2.46912E+1	6.93360E+1	1.98100E+2
2.46768E+1	6.93150E+1	-2.18400E+2
2.46640E+1	6.92860E+1	1.78400E+2
2.46560E+1	6.92610E+1	3.95000E+1
2.46464E+1	6.92350E+1	8.94000E+1
2.46384E+1	6.92080E+1	1.09100E+2
2.46304E+1	6.91830E+1	-8.90000E+1
2.46192E+1	6.91560E+1	1.38800E+2
2.46032E+1	6.91310E+1	2.99000E+1
2.45952E+1	6.91070E+1	-3.96000E+1
2.45888E+1	6.90800E+1	6.98000E+1
2.45792E+1	6.90600E+1	1.39000E+2
2.45712E+1	6.90310E+1	6.96000E+1
2.45552E+1	6.90020E+1	0.00000E+0
2.45456E+1	6.89840E+1	1.98700E+2
2.45376E+1	6.89510E+1	1.48900E+2
2.45280E+1	6.89300E+1	4.66300E+2
2.45184E+1	6.89010E+1	2.28500E+2
2.45024E+1	6.88730E+1	3.76900E+2
2.44960E+1	6.88540E+1	9.93000E+1
2.44864E+1	6.88250E+1	1.48800E+2
2.44800E+1	6.87980E+1	2.96000E+1
2.44688E+1	6.87720E+1	1.08800E+2
2.44560E+1	6.87440E+1	1.19400E+2
2.44464E+1	6.87250E+1	3.07500E+2
2.44384E+1	6.86930E+1	3.77100E+2
2.44288E+1	6.86720E+1	2.87900E+2
2.44192E+1	6.86470E+1	4.96100E+2
2.44064E+1	6.86210E+1	3.07700E+2
2.43968E+1	6.85950E+1	3.08000E+2
2.43888E+1	6.85710E+1	3.57500E+2
2.43792E+1	6.85420E+1	3.27200E+2
2.43712E+1	6.85130E+1	-5.95000E+1
2.43600E+1	6.84890E+1	-2.98000E+1
2.43472E+1	6.84680E+1	4.93000E+1
2.43392E+1	6.84420E+1	5.93000E+1
2.43328E+1	6.84160E+1	-1.09100E+2
2.43216E+1	6.83910E+1	-3.97000E+1
2.43152E+1	6.83620E+1	8.92000E+1
2.43040E+1	6.83380E+1	1.38900E+2
2.42896E+1	6.83120E+1	-1.58600E+2
2.42816E+1	6.82840E+1	1.78400E+2
2.42688E+1	6.82590E+1	1.99000E+1
2.42544E+1	6.82370E+1	1.09400E+2
2.42448E+1	6.82090E+1	1.88700E+2
2.42352E+1	6.81830E+1	1.19300E+2
2.42288E+1	6.81560E+1	1.48800E+2
2.42176E+1	6.81350E+1	9.97000E+1
2.42048E+1	6.81070E+1	4.97000E+1
2.41936E+1	6.80810E+1	6.97000E+1
2.41840E+1	6.80530E+1	8.95000E+1
2.41776E+1	6.80290E+1	1.68700E+2
2.41680E+1	6.80060E+1	5.95000E+1
2.41568E+1	6.79780E+1	5.97000E+1
2.41440E+1	6.79520E+1	-2.01000E+1
2.41360E+1	6.79260E+1	1.88200E+2
2.41264E+1	6.79050E+1	1.78500E+2
2.41184E+1	6.78760E+1	2.87800E+2
2.41072E+1	6.78480E+1	3.67100E+2
2.40928E+1	6.78220E+1	2.97500E+2
2.40848E+1	6.77970E+1	1.98600E+2
2.40768E+1	6.77740E+1	3.97000E+1
2.40688E+1	6.77480E+1	1.68400E+2
2.40608E+1	6.77200E+1	1.08190E+3
2.40432E+1	6.76990E+1	4.02020E+3
2.40352E+1	6.76690E+1	9.34100E+3
2.40256E+1	6.76440E+1	1.29546E+4
2.40176E+1	6.76180E+1	1.68657E+4
2.40112E+1	6.75960E+1	2.06376E+4
2.39952E+1	6.75640E+1	2.18089E+4
2.39872E+1	6.75430E+1	1.98529E+4
2.39776E+1	6.75170E+1	1.56441E+4
2.39696E+1	6.74880E+1	1.12664E+4
2.39616E+1	6.74620E+1	6.99790E+3
2.39488E+1	6.74400E+1	4.18840E+3
2.39376E+1	6.74120E+1	1.13190E+3
2.39280E+1	6.73880E+1	-1.18800E+2
2.39216E+1	6.73600E+1	1.19100E+2
2.39120E+1	6.73330E+1	1.19500E+2
2.39040E+1	6.73100E+1	-3.02000E+1
2.38928E+1	6.72870E+1	8.93000E+1
2.38800E+1	6.72560E+1	1.08800E+2
2.38704E+1	6.72310E+1	9.97000E+1
2.38592E+1	6.72040E+1	5.98000E+1
2.38432E+1	6.71820E+1	3.03000E+1
2.38368E+1	6.71540E+1	-2.99000E+1
2.38272E+1	6.71280E+1	1.18900E+2
2.38208E+1	6.71030E+1	2.27600E+2
2.38080E+1	6.70760E+1	2.99000E+1
2.37952E+1	6.70510E+1	-8.92000E+1
2.37856E+1	6.70260E+1	5.04000E+1
2.37760E+1	6.69950E+1	1.97400E+2
2.37680E+1	6.69790E+1	4.95000E+1
2.37600E+1	6.69500E+1	-7.94000E+1
2.37472E+1	6.69230E+1	9.92000E+1
2.37328E+1	6.68960E+1	1.09000E+2
2.37248E+1	6.68730E+1	-6.94000E+1
2.37168E+1	6.68420E+1	1.78400E+2
2.37072E+1	6.68190E+1	3.66800E+2
2.36976E+1	6.67950E+1	3.66800E+2
2.36832E+1	6.67650E+1	2.47600E+2
2.36752E+1	6.67440E+1	1.38600E+2
2.36688E+1	6.67190E+1	1.19000E+2
2.36576E+1	6.66910E+1	-1.68700E+2
2.36496E+1	6.66620E+1	-2.57900E+2
2.36336E+1	6.66440E+1	-1.69400E+2
2.36256E+1	6.66190E+1	-1.29700E+2
2.36176E+1	6.65900E+1	-1.39300E+2
2.36096E+1	6.65620E+1	-1.29200E+2
2.36000E+1	6.65350E+1	-4.94000E+1
2.35856E+1	6.65100E+1	2.08100E+2
2.35760E+1	6.64860E+1	-1.88700E+2
2.35680E+1	6.64570E+1	-1.00000E+1
2.35584E+1	6.64310E+1	-1.98400E+2
2.35520E+1	6.64110E+1	-3.97000E+1
2.35376E+1	6.63820E+1	1.88100E+2
2.35280E+1	6.63530E+1	1.09200E+2
2.35184E+1	6.63320E+1	7.91000E+1
2.35104E+1	6.63060E+1	1.29300E+2
2.35024E+1	6.62760E+1	-5.88000E+1
2.34928E+1	6.62530E+1	3.02000E+1
2.34784E+1	6.62260E+1	5.99000E+1
2.34672E+1	6.61970E+1	1.58100E+2
2.34592E+1	6.61750E+1	9.92000E+1
2.34480E+1	6.61470E+1	1.58900E+2
2.34336E+1	6.61210E+1	9.94000E+1
2.34256E+1	6.60960E+1	1.18800E+2
2.34160E+1	6.60730E+1	-2.99000E+1
2.34080E+1	6.60460E+1	-3.95000E+1
2.33968E+1	6.60210E+1	2.87200E+2
2.33824E+1	6.59940E+1	3.01000E+1
2.33760E+1	6.59710E+1	-3.98000E+1
2.33648E+1	6.59440E+1	-1.96000E+1
2.33584E+1	6.59180E+1	2.17800E+2
2.33472E+1	6.58890E+1	-3.95000E+1
2.33344E+1	6.58680E+1	1.00000E+1
2.33264E+1	6.58430E+1	0.00000E+0
2.33168E+1	6.58160E+1	1.98200E+2
2.33088E+1	6.57850E+1	1.38900E+2
2.32992E+1	6.57630E+1	2.57700E+2
2.32848E+1	6.57350E+1	8.93000E+1
2.32736E+1	6.57080E+1	-3.95000E+1
2.32656E+1	6.56850E+1	1.99000E+1
2.32592E+1	6.56550E+1	2.48200E+2
2.32496E+1	6.56340E+1	5.92000E+1
2.32384E+1	6.56070E+1	2.87000E+2
2.32240E+1	6.55800E+1	2.05000E+1
2.32160E+1	6.55550E+1	-1.90000E+1
2.32096E+1	6.55260E+1	3.02000E+1
2.31984E+1	6.55030E+1	2.02000E+1
2.31904E+1	6.54760E+1	1.88600E+2
2.31744E+1	6.54500E+1	1.03000E+1
2.31664E+1	6.54260E+1	1.19900E+2
2.31584E+1	6.53960E+1	1.19200E+2
2.31488E+1	6.53710E+1	-9.70000E+0
2.31424E+1	6.53530E+1	-8.90000E+1
2.31264E+1	6.53210E+1	-1.48700E+2
2.31152E+1	6.52980E+1	-3.77000E+2
2.31088E+1	6.52710E+1	-6.25600E+2
2.31008E+1	6.52490E+1	-5.76600E+2
2.30944E+1	6.52160E+1	-6.15200E+2
2.30832E+1	6.51910E+1	-4.55200E+2
2.30688E+1	6.51650E+1	-1.09000E+2
2.30592E+1	6.51440E+1	1.18700E+2
2.30496E+1	6.51170E+1	5.93000E+1
2.30384E+1	6.50890E+1	6.96000E+1
2.30240E+1	6.50660E+1	5.96000E+1
2.30160E+1	6.50400E+1	-2.92000E+1
2.30080E+1	6.50120E+1	-6.97000E+1
2.29968E+1	6.49820E+1	7.00000E+1
2.29904E+1	6.49580E+1	-2.00000E+1
2.29744E+1	6.49350E+1	2.93000E+1
2.29648E+1	6.49110E+1	1.00000E+1
2.29568E+1	6.48850E+1	-1.78000E+2
2.29472E+1	6.48600E+1	-7.00000E-1
2.29408E+1	6.48300E+1	-3.93000E+1
2.29232E+1	6.48060E+1	-1.68600E+2
2.29152E+1	6.47770E+1	-1.78700E+2
2.29056E+1	6.47530E+1	1.88400E+2
2.28976E+1	6.47310E+1	-1.09400E+2
2.28912E+1	6.46990E+1	-1.93000E+1
2.28736E+1	6.46730E+1	1.01000E+1
2.28656E+1	6.46490E+1	6.92000E+1
2.28560E+1	6.46270E+1	1.38500E+2
2.28480E+1	6.45990E+1	2.87300E+2
2.28400E+1	6.45730E+1	3.58380E+3
2.28272E+1	6.45440E+1	1.27355E+4
2.28176E+1	6.45220E+1	2.41917E+4
2.28064E+1	6.44960E+1	3.37814E+4
2.27984E+1	6.44690E+1	4.03306E+4
2.27888E+1	6.44430E+1	4.50470E+4
2.27776E+1	6.44180E+1	4.41638E+4
2.27664E+1	6.43900E+1	4.22687E+4
2.27552E+1	6.43650E+1	3.26484E+4
2.27504E+1	6.43420E+1	2.11427E+4
2.27408E+1	6.43130E+1	9.38200E+3
2.27296E+1	6.42850E+1	3.70300E+3
2.27152E+1	6.42620E+1	1.67000E+2
2.27056E+1	6.42370E+1	4.00000E+1
2.26992E+1	6.42080E+1	-8.00000E+1
2.26896E+1	6.41800E+1	-3.10000E+1
2.26816E+1	6.41550E+1	7.00000E+1
2.26720E+1	6.41300E+1	1.19000E+2
2.26576E+1	6.41050E+1	-4.90000E+1
2.26496E+1	6.40770E+1	-3.00000E+1
2.26352E+1	6.40560E+1	5.90000E+1
2.26256E+1	6.40290E+1	5.00000E+1
2.26144E+1	6.40020E+1	-1.58000E+2
2.26048E+1	6.39760E+1	-2.10000E+1
2.25968E+1	6.39490E+1	-5.00000E+1
2.25856E+1	6.39240E+1	0.00000E+0
2.25792E+1	6.39000E+1	-9.00000E+0
2.25632E+1	6.38720E+1	1.00000E+1
2.25552E+1	6.38470E+1	-1.38000E+2
2.25472E+1	6.38220E+1	1.00000E+1
2.25392E+1	6.37960E+1	3.00000E+1
2.25280E+1	6.37660E+1	-5.90000E+1
2.25136E+1	6.37390E+1	-1.58000E+2
2.25056E+1	6.37170E+1	1.00000E+2
2.24976E+1	6.36930E+1	-2.00000E+1
2.24896E+1	6.36660E+1	-1.68000E+2
2.24800E+1	6.36370E+1	-8.90000E+1
2.24640E+1	6.36160E+1	-4.57000E+2
2.24544E+1	6.35900E+1	-5.37000E+2
2.24480E+1	6.35620E+1	-5.56000E+2
2.24384E+1	6.35370E+1	-7.26000E+2
2.24320E+1	6.35090E+1	-8.22000E+2
2.24144E+1	6.34840E+1	-6.65000E+2
2.24048E+1	6.34580E+1	-1.19000E+2
2.23968E+1	6.34320E+1	-1.00000E+1
2.23872E+1	6.34080E+1	-3.00000E+1
2.23808E+1	6.33810E+1	1.90000E+1
2.23680E+1	6.33560E+1	-1.00000E+2
2.23568E+1	6.33270E+1	-6.10000E+1
2.23472E+1	6.33030E+1	6.10000E+1
2.23408E+1	6.32740E+1	2.00000E+1
2.23312E+1	6.32520E+1	9.00000E+0
2.23200E+1	6.32290E+1	1.88000E+2
2.23072E+1	6.31990E+1	-1.00000E+1
2.22976E+1	6.31730E+1	9.00000E+0
2.22896E+1	6.31480E+1	-1.10000E+1
2.22832E+1	6.31250E+1	2.08000E+2
2.22736E+1	6.30950E+1	1.79000E+2
2.22672E+1	6.30660E+1	1.58000E+2
2.22512E+1	6.30430E+1	1.69000E+2
2.22400E+1	6.30220E+1	7.80000E+1
2.22288E+1	6.29900E+1	4.90000E+1
2.22144E+1	6.29620E+1	5.00000E+1
2.22064E+1	6.29370E+1	-1.39000E+2
2.21968E+1	6.29190E+1	-5.90000E+1
2.21888E+1	6.28850E+1	1.30000E+2
2.21808E+1	6.28610E+1	1.00000E+1
2.21664E+1	6.28330E+1	1.09000E+2
2.21568E+1	6.28050E+1	-5.00000E+1
2.21456E+1	6.27890E+1	2.17000E+2
2.21392E+1	6.27560E+1	6.90000E+1
2.21296E+1	6.27350E+1	-6.80000E+1
2.21152E+1	6.27030E+1	4.00000E+1
2.21056E+1	6.26820E+1	4.90000E+1
2.20960E+1	6.26530E+1	2.26000E+2
2.20880E+1	6.26260E+1	2.18000E+2
2.20800E+1	6.25980E+1	-5.90000E+1
2.20688E+1	6.25740E+1	-2.00000E+1
2.20560E+1	6.25480E+1	-1.77000E+2
2.20448E+1	6.25240E+1	-6.76000E+2
2.20384E+1	6.24980E+1	-8.93000E+2
2.20288E+1	6.24700E+1	-7.85000E+2
2.20208E+1	6.24430E+1	-4.67000E+2
2.20064E+1	6.24270E+1	-4.58000E+2
2.19952E+1	6.23930E+1	-2.18000E+2
2.19888E+1	6.23690E+1	2.90000E+1
2.19792E+1	6.23420E+1	4.90000E+1
2.19712E+1	6.23130E+1	1.47000E+2
2.19584E+1	6.22900E+1	-1.19000E+2
2.19456E+1	6.22610E+1	-1.58000E+2
2.19392E+1	6.22360E+1	-1.00000E+1
2.19296E+1	6.22110E+1	5.90000E+1
2.19232E+1	6.21860E+1	1.19000E+2
2.19088E+1	6.21610E+1	-2.26000E+2
2.18976E+1	6.21330E+1	-1.10000E+1
2.18896E+1	6.21090E+1	-1.28000E+2
2.18816E+1	6.20760E+1	0.00000E+0
2.18752E+1	6.20510E+1	-2.07000E+2
2.18640E+1	6.20270E+1	-5.90000E+1
2.18528E+1	6.20010E+1	9.90000E+1
2.18384E+1	6.19750E+1	9.00000E+0
2.18288E+1	6.19500E+1	4.00000E+1
2.18176E+1	6.19250E+1	8.80000E+1
2.18032E+1	6.18980E+1	-1.47000E+2
2.17952E+1	6.18710E+1	1.79000E+2
2.17856E+1	6.18480E+1	1.89000E+2
2.17792E+1	6.18210E+1	5.59800E+3
2.17680E+1	6.17930E+1	1.60310E+4
2.17520E+1	6.17700E+1	2.93220E+4
2.17456E+1	6.17430E+1	4.02830E+4
2.17360E+1	6.17160E+1	4.64470E+4
2.17280E+1	6.16910E+1	5.01920E+4
2.17200E+1	6.16680E+1	4.93180E+4
2.17056E+1	6.16390E+1	4.30710E+4
2.16960E+1	6.16130E+1	3.08400E+4
2.16864E+1	6.15840E+1	1.51660E+4
2.16800E+1	6.15660E+1	7.20700E+3
2.16688E+1	6.15340E+1	1.10100E+3
2.16576E+1	6.15070E+1	-1.69000E+2
2.16448E+1	6.14800E+1	-1.18000E+2
2.16352E+1	6.14600E+1	-6.00000E+1
2.16288E+1	6.14320E+1	-7.00000E+1
2.16192E+1	6.14030E+1	3.90000E+1
2.16096E+1	6.13790E+1	2.00000E+1
2.15936E+1	6.13500E+1	9.70000E+1
2.15856E+1	6.13240E+1	-6.00000E+1
2.15776E+1	6.13000E+1	-1.00000E+1
2.15696E+1	6.12740E+1	-1.19000E+2
2.15632E+1	6.12470E+1	-1.97000E+2
2.15456E+1	6.12220E+1	8.70000E+1
2.15360E+1	6.11970E+1	8.10000E+1
2.15280E+1	6.11670E+1	8.90000E+1
2.15200E+1	6.11420E+1	3.17000E+2
2.15136E+1	6.11160E+1	2.17000E+2
2.14992E+1	6.10920E+1	9.10000E+1
2.14880E+1	6.10690E+1	-1.27000E+2
2.14800E+1	6.10400E+1	-3.80000E+1
2.14704E+1	6.10130E+1	-2.10000E+1
2.14640E+1	6.09830E+1	8.00000E+0
2.14528E+1	6.09570E+1	1.31000E+2
2.14400E+1	6.09330E+1	1.48000E+2
2.14288E+1	6.09080E+1	-3.18000E+2
2.14208E+1	6.08840E+1	-9.13000E+2
2.14080E+1	6.08570E+1	-8.43000E+2
2.13952E+1	6.08320E+1	-8.93000E+2
2.13856E+1	6.08090E+1	-5.66000E+2
2.13760E+1	6.07800E+1	-3.48000E+2
2.13696E+1	6.07520E+1	3.80000E+1
2.13568E+1	6.07270E+1	-1.00000E+1
2.13440E+1	6.07000E+1	9.60000E+1
2.13360E+1	6.06740E+1	7.90000E+1
2.13264E+1	6.06460E+1	5.90000E+1
2.13184E+1	6.06230E+1	-6.90000E+1
2.13072E+1	6.05940E+1	2.00000E+1
2.12944E+1	6.05700E+1	3.80000E+1
2.12848E+1	6.05450E+1	1.30000E+2
2.12752E+1	6.05170E+1	1.29000E+2
2.12688E+1	6.04920E+1	-4.00000E+1
2.12592E+1	6.04650E+1	-5.80000E+1
2.12496E+1	6.04370E+1	3.10000E+1
2.12352E+1	6.04140E+1	1.30000E+2
2.12256E+1	6.03870E+1	-6.90000E+1
2.12176E+1	6.03610E+1	7.90000E+1
2.12096E+1	6.03350E+1	6.90000E+1
2.12000E+1	6.03100E+1	-6.80000E+1
2.11856E+1	6.02870E+1	1.89000E+2
2.11776E+1	6.02580E+1	1.38000E+2
2.11680E+1	6.02290E+1	-1.38000E+2
2.11584E+1	6.02020E+1	1.77000E+2
2.11520E+1	6.01750E+1	9.00000E+1
2.11344E+1	6.01520E+1	2.78000E+2
2.11264E+1	6.01230E+1	2.00000E+1
2.11184E+1	6.00970E+1	-6.90000E+1
2.11104E+1	6.00750E+1	-2.17000E+2
2.11024E+1	6.00450E+1	-4.77000E+2
2.10880E+1	6.00240E+1	-3.18000E+2
2.10784E+1	5.99940E+1	-3.90000E+2
2.10688E+1	5.99680E+1	-3.37000E+2
2.10608E+1	5.99440E+1	-3.80000E+1
2.10528E+1	5.99160E+1	-1.69000E+2
2.10416E+1	5.98850E+1	-1.67000E+2
2.10304E+1	5.98660E+1	-5.90000E+1
2.10176E+1	5.98390E+1	1.00000E+2
2.10096E+1	5.98140E+1	-8.90000E+1
2.09968E+1	5.97870E+1	-3.00000E+1
2.09840E+1	5.97580E+1	-5.00000E+1
2.09760E+1	5.97330E+1	7.90000E+1
2.09664E+1	5.97060E+1	-5.90000E+1
2.09600E+1	5.96820E+1	6.00000E+1
2.09472E+1	5.96590E+1	-6.80000E+1
2.09344E+1	5.96280E+1	7.80000E+1
2.09248E+1	5.95990E+1	2.00000E+1
2.09168E+1	5.95740E+1	-7.00000E+1
2.09088E+1	5.95550E+1	1.87000E+2
2.08976E+1	5.95270E+1	-1.98000E+2
2.08848E+1	5.94940E+1	-1.89000E+2
2.08752E+1	5.94720E+1	2.90000E+1
2.08672E+1	5.94510E+1	-4.10000E+1
2.08592E+1	5.94190E+1	1.38000E+2
2.08464E+1	5.93970E+1	2.75100E+3
2.08368E+1	5.93690E+1	1.01870E+4
2.08256E+1	5.93420E+1	2.03610E+4
2.08176E+1	5.93140E+1	2.73880E+4
2.08080E+1	5.92880E+1	3.10320E+4
2.07984E+1	5.92610E+1	3.27380E+4
2.07872E+1	5.92390E+1	3.11610E+4
2.07760E+1	5.92060E+1	2.47870E+4
2.07664E+1	5.91840E+1	1.66370E+4
2.07568E+1	5.91530E+1	8.59400E+3
2.07504E+1	5.91320E+1	3.17600E+3
2.07408E+1	5.91070E+1	6.90000E+1
2.07248E+1	5.90810E+1	-1.17000E+2
2.07168E+1	5.90530E+1	7.60000E+1
2.07072E+1	5.90260E+1	-2.26000E+2
2.07008E+1	5.89990E+1	-3.10000E+1
2.06896E+1	5.89740E+1	5.80000E+1
2.06768E+1	5.89500E+1	-1.37000E+2
2.06672E+1	5.89270E+1	3.90000E+1
2.06592E+1	5.88960E+1	-9.00000E+0
2.06528E+1	5.88710E+1	5.00000E+1
2.06432E+1	5.88420E+1	-1.01000E+2
2.06336E+1	5.88150E+1	9.00000E+0
2.06192E+1	5.87940E+1	-9.80000E+1
2.06096E+1	5.87680E+1	3.80000E+1
2.05968E+1	5.87400E+1	-1.20000E+1
2.05840E+1	5.87130E+1	-2.80000E+1
2.05760E+1	5.86880E+1	-1.79000E+2
2.05648E+1	5.86600E+1	-2.48000E+2
2.05584E+1	5.86340E+1	-9.00000E+1
2.05488E+1	5.86090E+1	-3.00000E+1
2.05360E+1	5.85820E+1	-3.90000E+1
2.05248E+1	5.85570E+1	1.19000E+2
2.05152E+1	5.85350E+1	2.28000E+2
2.05088E+1	5.85060E+1	-9.00000E+0
2.04976E+1	5.84770E+1	-3.15000E+2
2.04864E+1	5.84540E+1	-3.38000E+2
2.04736E+1	5.84230E+1	-1.69000E+2
2.04640E+1	5.83980E+1	-3.45000E+2
2.04576E+1	5.83750E+1	3.70000E+1
2.04496E+1	5.83500E+1	-2.48000E+2
2.04384E+1	5.83230E+1	3.20000E+1
2.04256E+1	5.83000E+1	-9.00000E+0
2.04144E+1	5.82690E+1	-1.96000E+2
2.04080E+1	5.82460E+1	-2.08000E+2
2.03984E+1	5.82150E+1	-2.80000E+1
2.03888E+1	5.81890E+1	6.00000E+1
2.03744E+1	5.81650E+1	3.20000E+1
2.03648E+1	5.81390E+1	1.40000E+2
2.03568E+1	5.81080E+1	-5.70000E+1
2.03472E+1	5.80920E+1	6.00000E+1
2.03392E+1	5.80600E+1	3.65000E+2
2.03280E+1	5.80330E+1	9.80000E+1
2.03152E+1	5.80090E+1	-2.80000E+1
2.03088E+1	5.79810E+1	-2.75000E+2
2.02992E+1	5.79560E+1	-4.00000E+1
2.02912E+1	5.79270E+1	-7.80000E+1
2.02800E+1	5.79020E+1	-8.90000E+1
2.02656E+1	5.78770E+1	-2.07000E+2
2.02592E+1	5.78480E+1	-1.79000E+2
2.02496E+1	5.78250E+1	-2.27000E+2
2.02432E+1	5.77970E+1	-4.20000E+1
2.02336E+1	5.77690E+1	2.00000E+1
2.02208E+1	5.77480E+1	-8.90000E+1
2.02112E+1	5.77170E+1	4.10000E+1
2.02000E+1	5.76920E+1	4.10000E+1
2.01904E+1	5.76670E+1	3.90000E+1
2.01728E+1	5.76410E+1	1.89000E+2
2.01664E+1	5.76160E+1	2.67000E+2
2.01552E+1	5.75880E+1	1.67000E+2
2.01488E+1	5.75620E+1	-1.10000E+1
2.01408E+1	5.75350E+1	1.88000E+2
2.01248E+1	5.75100E+1	-5.10000E+1
2.01152E+1	5.74810E+1	-1.76000E+2
2.01056E+1	5.74580E+1	8.00000E+0
2.00976E+1	5.74310E+1	3.10000E+1
2.00896E+1	5.74060E+1	-8.00000E+1
2.00752E+1	5.73770E+1	8.00000E+1
2.00656E+1	5.73550E+1	3.80000E+1
2.00544E+1	5.73290E+1	1.07000E+2
2.00480E+1	5.73010E+1	-3.20000E+1
2.00400E+1	5.72720E+1	4.70000E+1
2.00272E+1	5.72520E+1	2.69000E+2
2.00144E+1	5.72220E+1	2.36400E+3
2.00064E+1	5.71970E+1	6.73200E+3
1.99984E+1	5.71740E+1	9.83600E+3
1.99888E+1	5.71430E+1	1.20990E+4
1.99792E+1	5.71200E+1	1.29960E+4
1.99648E+1	5.70930E+1	1.28260E+4
1.99552E+1	5.70640E+1	1.12460E+4
1.99472E+1	5.70390E+1	6.75800E+3
1.99392E+1	5.70170E+1	3.46700E+3
1.99312E+1	5.69850E+1	1.51000E+3
1.99184E+1	5.69620E+1	1.77000E+2
1.99056E+1	5.69330E+1	0.00000E+0
1.98976E+1	5.69100E+1	-1.00000E+1
1.98880E+1	5.68770E+1	-5.80000E+1
1.98816E+1	5.68540E+1	9.20000E+1
1.98688E+1	5.68300E+1	-1.39000E+2
1.98576E+1	5.68040E+1	-9.00000E+0
1.98496E+1	5.67770E+1	5.90000E+1
1.98400E+1	5.67460E+1	-1.39000E+2
1.98336E+1	5.67220E+1	-7.00000E+0
1.98224E+1	5.67000E+1	1.66000E+2
1.98112E+1	5.66720E+1	2.76000E+2
1.98016E+1	5.66470E+1	8.90000E+1
1.97888E+1	5.66170E+1	1.28000E+2
1.97824E+1	5.65930E+1	-4.00000E+1
1.97632E+1	5.65680E+1	-6.80000E+1
1.97568E+1	5.65410E+1	-1.36000E+2
1.97472E+1	5.65120E+1	4.90000E+1
1.97376E+1	5.64890E+1	2.30000E+2
1.97296E+1	5.64640E+1	4.20000E+1
1.97152E+1	5.64370E+1	-7.00000E+1
1.97056E+1	5.64060E+1	1.38000E+2
1.96960E+1	5.63830E+1	-3.90000E+1
1.96880E+1	5.63590E+1	-3.17000E+2
1.96800E+1	5.63300E+1	-2.58000E+2
1.96656E+1	5.63050E+1	-1.48000E+2
1.96544E+1	5.62830E+1	-5.10000E+1
1.96464E+1	5.62540E+1	6.80000E+1
1.96368E+1	5.62250E+1	7.90000E+1
1.96304E+1	5.61970E+1	7.80000E+1
1.96160E+1	5.61780E+1	9.00000E+1
1.96048E+1	5.61470E+1	1.91000E+2
1.95952E+1	5.61210E+1	-5.80000E+1
1.95872E+1	5.60930E+1	9.00000E+0
1.95792E+1	5.60700E+1	1.68000E+2
1.95664E+1	5.60430E+1	1.38000E+2
1.95552E+1	5.60130E+1	-1.00000E+0
1.95456E+1	5.59890E+1	-9.00000E+0
1.95376E+1	5.59660E+1	-6.70000E+1
1.95280E+1	5.59340E+1	1.47000E+2
1.95200E+1	5.59120E+1	1.10000E+1
1.95072E+1	5.58850E+1	-5.10000E+1
1.94960E+1	5.58580E+1	8.00000E+0
1.94896E+1	5.58380E+1	-1.20000E+2
1.94800E+1	5.58080E+1	-9.60000E+1
1.94720E+1	5.57810E+1	-9.70000E+1
1.94608E+1	5.57510E+1	-3.00000E+1
1.94464E+1	5.57250E+1	7.20000E+1
1.94400E+1	5.57040E+1	-2.00000E+1
1.94304E+1	5.56750E+1	-3.10000E+1
1.94240E+1	5.56470E+1	1.40000E+2
1.94144E+1	5.56220E+1	8.80000E+1
1.93984E+1	5.55950E+1	-2.00000E+1
1.93920E+1	5.55680E+1	1.18000E+2
1.93792E+1	5.55450E+1	1.10000E+1
1.93712E+1	5.55180E+1	-2.00000E+0
1.93552E+1	5.54960E+1	2.90000E+1
1.93456E+1	5.54670E+1	-1.00000E+1
1.93392E+1	5.54390E+1	-7.70000E+1
1.93280E+1	5.54130E+1	-6.80000E+1
1.93216E+1	5.53890E+1	1.55000E+2
1.93040E+1	5.53620E+1	-4.10000E+1
1.92960E+1	5.53300E+1	-9.90000E+1
1.92864E+1	5.53080E+1	2.10000E+1
1.92784E+1	5.52840E+1	4.47000E+2
1.92688E+1	5.52540E+1	2.03400E+3
1.92528E+1	5.52270E+1	3.02900E+3
1.92448E+1	5.52040E+1	3.72300E+3
1.92352E+1	5.51790E+1	4.19800E+3
1.92288E+1	5.51550E+1	3.91300E+3
1.92208E+1	5.51240E+1	2.82900E+3
1.92048E+1	5.50960E+1	1.97600E+3
1.91968E+1	5.50740E+1	9.84000E+2
1.91872E+1	5.50450E+1	2.68000E+2
1.91792E+1	5.50170E+1	-1.17000E+2
1.91712E+1	5.49890E+1	-1.47000E+2
1.91568E+1	5.49660E+1	9.70000E+1
1.91456E+1	5.49420E+1	9.00000E+0
1.91360E+1	5.49130E+1	-6.00000E+1
1.91280E+1	5.48880E+1	-1.01000E+2
1.91184E+1	5.48590E+1	9.70000E+1
1.91072E+1	5.48300E+1	8.10000E+1
1.90960E+1	5.48090E+1	1.47000E+2
1.90864E+1	5.47790E+1	4.80000E+1
1.90800E+1	5.47580E+1	4.60000E+1
1.90704E+1	5.47290E+1	-1.08000E+2
1.90624E+1	5.47020E+1	5.80000E+1
1.90480E+1	5.46720E+1	5.80000E+1
1.90368E+1	5.46510E+1	-1.00000E+0
1.90288E+1	5.46270E+1	-6.80000E+1
1.90192E+1	5.45990E+1	-5.90000E+1
1.90144E+1	5.45680E+1	1.40000E+2
1.90000E+1	5.45430E+1	6.00000E+1
1.89888E+1	5.45220E+1	5.40000E+1
1.89792E+1	5.44920E+1	-1.09000E+2
1.89680E+1	5.44670E+1	0.00000E+0
1.89600E+1	5.44380E+1	-3.16000E+2
1.89440E+1	5.44120E+1	-1.79000E+2
1.89376E+1	5.43870E+1	-2.46000E+2
1.89280E+1	5.43600E+1	4.80000E+1
1.89184E+1	5.43370E+1	-5.80000E+1
1.89088E+1	5.43090E+1	-1.76000E+2
1.88944E+1	5.42800E+1	1.00000E+2
1.88864E+1	5.42540E+1	-5.90000E+1
1.88768E+1	5.42330E+1	-1.17000E+2
1.88704E+1	5.42080E+1	1.00000E+0
1.88592E+1	5.41760E+1	-5.90000E+1
1.88432E+1	5.41520E+1	-9.90000E+1
1.88368E+1	5.41230E+1	-1.00000E+0
1.88256E+1	5.41010E+1	5.90000E+1
1.88192E+1	5.40730E+1	-7.80000E+1
1.88080E+1	5.40460E+1	1.70000E+1
1.87952E+1	5.40160E+1	3.00000E+1
1.87856E+1	5.39920E+1	-1.09000E+2
1.87744E+1	5.39690E+1	1.10000E+2
1.87680E+1	5.39470E+1	-3.90000E+1
1.87600E+1	5.39160E+1	8.00000E+0
1.87488E+1	5.38890E+1	6.80000E+1
1.87344E+1	5.38620E+1	5.80000E+1
1.87264E+1	5.38340E+1	-9.00000E+0
1.87184E+1	5.38100E+1	-2.90000E+1
1.87088E+1	5.37880E+1	-9.00000E+0
1.87008E+1	5.37560E+1	2.80000E+1
1.86848E+1	5.37260E+1	2.20000E+1
1.86768E+1	5.37060E+1	9.00000E+1
1.86688E+1	5.36720E+1	1.47000E+2
1.86608E+1	5.36550E+1	1.08000E+2
1.86512E+1	5.36260E+1	1.38000E+2
1.86384E+1	5.35980E+1	-5.00000E+1
1.86288E+1	5.35720E+1	-1.50000E+2
1.86192E+1	5.35460E+1	1.47000E+2
1.86112E+1	5.35180E+1	-1.08000E+2
1.86032E+1	5.34960E+1	5.55000E+2
1.85904E+1	5.34710E+1	6.44000E+2
1.85808E+1	5.34430E+1	9.63000E+2
1.85696E+1	5.34150E+1	8.82000E+2
1.85600E+1	5.33890E+1	8.74000E+2
1.85472E+1	5.33610E+1	5.47000E+2
1.28000E-2	5.33350E+1	3.17000E+2
1.85264E+1	5.33100E+1	1.71000E+2
1.85168E+1	5.32830E+1	-6.00000E+1
1.85104E+1	5.32540E+1	-1.88000E+2
1.84960E+1	5.32350E+1	-1.36000E+2
1.84832E+1	5.32060E+1	1.90000E+1
1.84752E+1	5.31810E+1	-2.00000E+0
1.84656E+1	5.31550E+1	-1.36000E+2
1.84592E+1	5.31230E+1	-5.90000E+1
1.84480E+1	5.31020E+1	1.18000E+2
1.84336E+1	5.30720E+1	-2.27000E+2
1.84256E+1	5.30440E+1	0.00000E+0
1.84160E+1	5.30190E+1	1.87000E+2
1.84096E+1	5.29960E+1	8.00000E+0
1.83952E+1	5.29690E+1	1.29000E+2
1.83856E+1	5.29400E+1	1.79000E+2
1.83744E+1	5.29110E+1	1.09000E+2
1.83664E+1	5.28880E+1	9.00000E+0
1.83584E+1	5.28630E+1	-7.00000E+0
1.83456E+1	5.28340E+1	-1.48000E+2
1.83376E+1	5.28100E+1	2.90000E+1
1.83232E+1	5.27810E+1	-1.28000E+2
1.83168E+1	5.27570E+1	-3.70000E+1
1.83088E+1	5.27280E+1	-8.20000E+1
1.82992E+1	5.27060E+1	-9.70000E+1
1.82896E+1	5.26800E+1	-8.90000E+1
1.82736E+1	5.26510E+1	-2.45000E+2
1.82672E+1	5.26300E+1	4.80000E+1
1.82576E+1	5.25990E+1	-2.38000E+2
1.82496E+1	5.25730E+1	3.90000E+1
1.82400E+1	5.25510E+1	2.10000E+1
1.82256E+1	5.25210E+1	1.08000E+2
1.82176E+1	5.24930E+1	1.70000E+1
1.82096E+1	5.24700E+1	-1.38000E+2
1.82032E+1	5.24390E+1	1.39000E+2
1.81936E+1	5.24150E+1	1.00000E+0
1.81808E+1	5.23880E+1	8.90000E+1
1.81696E+1	5.23610E+1	9.60000E+1
1.81584E+1	5.23340E+1	1.69000E+2
1.81504E+1	5.23110E+1	-2.00000E+1
1.81344E+1	5.22850E+1	1.60000E+1
1.81248E+1	5.22550E+1	1.79000E+2
1.81152E+1	5.22320E+1	8.00000E+0
1.81072E+1	5.22060E+1	7.70000E+1
1.80992E+1	5.21780E+1	4.00000E+1
1.80832E+1	5.21530E+1	1.76000E+2
1.80768E+1	5.21270E+1	-7.10000E+1
1.80656E+1	5.20970E+1	-2.90000E+1
1.80576E+1	5.20760E+1	1.10000E+1
1.80480E+1	5.20490E+1	-2.55000E+2
1.80352E+1	5.20240E+1	2.80000E+1
1.80240E+1	5.19970E+1	3.90000E+1
1.80160E+1	5.19680E+1	-1.19000E+2
1.80080E+1	5.19400E+1	2.58000E+2
1.79984E+1	5.19160E+1	1.20000E+1
1.79888E+1	5.18890E+1	1.28000E+2
1.79744E+1	5.18640E+1	1.10000E+2
1.79648E+1	5.18390E+1	2.17000E+2
1.79584E+1	5.18110E+1	4.80000E+1
1.79488E+1	5.17830E+1	2.06000E+2
1.79424E+1	5.17570E+1	1.00000E+0
1.79248E+1	5.17330E+1	9.00000E+0
1.79152E+1	5.17040E+1	-1.27000E+2
1.79072E+1	5.16770E+1	-1.11000E+2
1.78976E+1	5.16560E+1	4.90000E+1
1.78912E+1	5.16270E+1	-9.10000E+1
1.78768E+1	5.16000E+1	-1.00000E+1
1.78656E+1	5.15690E+1	-7.70000E+1
1.78576E+1	5.15490E+1	9.80000E+1
1.78480E+1	5.15230E+1	8.80000E+1
1.78432E+1	5.14950E+1	-7.90000E+1
1.78288E+1	5.14680E+1	8.70000E+1
1.78176E+1	5.14410E+1	-3.80000E+1
1.78080E+1	5.14190E+1	-1.39000E+2
1.78000E+1	5.13900E+1	6.80000E+1
1.77936E+1	5.13620E+1	-1.69000E+2
1.77824E+1	5.13310E+1	7.70000E+1
1.77712E+1	5.13120E+1	4.90000E+1
