2,43088E+1	6,79970E+1	2,87871E+2
2,43072E+1	6,79990E+1	3,17655E+2
2,43008E+1	6,79820E+1	1,48914E+2
2,42912E+1	6,79540E+1	2,18391E+2
2,42784E+1	6,79320E+1	2,87883E+2
2,42672E+1	6,79070E+1	7,34562E+2
2,42544E+1	6,78800E+1	7,04786E+2
2,42432E+1	6,78600E+1	5,95612E+2
2,42368E+1	6,78300E+1	8,04046E+2
2,42288E+1	6,78050E+1	7,94124E+2
2,42176E+1	6,77850E+1	5,16208E+2
2,42032E+1	6,77570E+1	2,58094E+2
2,41936E+1	6,77360E+1	2,87867E+2
2,41856E+1	6,77090E+1	3,57363E+2
2,41776E+1	6,76860E+1	5,06270E+2
2,41696E+1	6,76610E+1	8,93420E+2
2,41584E+1	6,76350E+1	8,93410E+2
2,41440E+1	6,76130E+1	1,41948E+3
2,41344E+1	6,75890E+1	1,68753E+3
2,41280E+1	6,75610E+1	1,57834E+3
2,41184E+1	6,75330E+1	1,56844E+3
2,41104E+1	6,75100E+1	1,41951E+3
2,40944E+1	6,74850E+1	1,02245E+3
2,40848E+1	6,74600E+1	7,74260E+2
2,40768E+1	6,74350E+1	7,64370E+2
2,40672E+1	6,74180E+1	7,34600E+2
2,40560E+1	6,73880E+1	5,95590E+2
2,40448E+1	6,73630E+1	6,15470E+2
2,40368E+1	6,73370E+1	8,83460E+2
2,40272E+1	6,73130E+1	1,01249E+3
2,40160E+1	6,72880E+1	7,94110E+2
2,40096E+1	6,72660E+1	8,33770E+2
2,39952E+1	6,72390E+1	2,08470E+2
2,39856E+1	6,72140E+1	1,39000E+2
2,39776E+1	6,71880E+1	2,08440E+2
2,39696E+1	6,71660E+1	4,06970E+2
2,39600E+1	6,71390E+1	3,97070E+2
2,39488E+1	6,71140E+1	4,86390E+2
2,39360E+1	6,70910E+1	5,45910E+2
2,39280E+1	6,70660E+1	5,26120E+2
2,39216E+1	6,70420E+1	4,46660E+2
2,39120E+1	6,70160E+1	3,67290E+2
2,39024E+1	6,69900E+1	3,07710E+2
2,38896E+1	6,69650E+1	4,16830E+2
2,38784E+1	6,69420E+1	-6,94200E+1
2,38688E+1	6,69170E+1	4,36760E+2
2,38608E+1	6,68920E+1	6,05510E+2
2,38448E+1	6,68670E+1	9,33070E+2
2,38352E+1	6,68480E+1	8,83510E+2
2,38256E+1	6,68210E+1	8,04060E+2
2,38176E+1	6,67940E+1	8,14060E+2
2,38080E+1	6,67670E+1	9,23180E+2
2,37936E+1	6,67420E+1	6,25370E+2
2,37856E+1	6,67160E+1	6,94820E+2
2,37776E+1	6,66950E+1	6,05540E+2
2,37680E+1	6,66690E+1	7,34600E+2
2,37584E+1	6,66430E+1	1,05221E+3
2,37456E+1	6,66200E+1	1,20103E+3
2,37344E+1	6,65970E+1	1,30046E+3
2,37264E+1	6,65660E+1	1,28058E+3
2,37184E+1	6,65430E+1	1,39959E+3
2,37088E+1	6,65160E+1	1,10195E+3
2,36960E+1	6,64910E+1	9,13170E+2
2,36832E+1	6,64700E+1	5,16140E+2
2,36752E+1	6,64430E+1	3,47490E+2
2,36672E+1	6,64190E+1	3,77190E+2
2,36592E+1	6,63900E+1	4,96340E+2
2,36496E+1	6,63680E+1	8,23990E+2
2,36336E+1	6,63440E+1	7,14750E+2
2,36256E+1	6,63190E+1	5,65920E+2
2,36176E+1	6,62920E+1	9,13220E+2
2,36080E+1	6,62680E+1	4,96410E+2
2,36000E+1	6,62420E+1	4,36790E+2
2,35856E+1	6,62170E+1	3,97100E+2
2,35760E+1	6,61940E+1	3,57400E+2
2,35664E+1	6,61680E+1	5,35970E+2
2,35600E+1	6,61460E+1	4,26980E+2
2,35504E+1	6,61150E+1	5,06230E+2
2,35392E+1	6,60940E+1	5,85710E+2
2,35280E+1	6,60680E+1	5,65780E+2
2,35184E+1	6,60440E+1	3,27650E+2
2,35104E+1	6,60150E+1	2,48160E+2
2,35024E+1	6,59890E+1	6,95200E+1
2,34912E+1	6,59670E+1	1,09180E+2
2,34768E+1	6,59420E+1	3,07730E+2
2,34704E+1	6,59140E+1	4,76450E+2
2,34608E+1	6,58930E+1	6,74990E+2
2,34496E+1	6,58680E+1	5,95650E+2
2,34320E+1	6,58390E+1	7,24700E+2
2,34256E+1	6,58220E+1	1,03242E+3
2,34160E+1	6,57950E+1	9,43030E+2
2,34096E+1	6,57680E+1	9,62890E+2
2,34000E+1	6,57450E+1	1,05218E+3
2,33840E+1	6,57130E+1	1,01257E+3
2,33744E+1	6,56910E+1	1,21091E+3
2,33664E+1	6,56640E+1	1,15146E+3
2,33584E+1	6,56390E+1	1,53845E+3
2,33472E+1	6,56170E+1	1,28042E+3
2,33344E+1	6,55930E+1	1,16128E+3
2,33264E+1	6,55680E+1	1,13156E+3
2,33168E+1	6,55430E+1	6,35310E+2
2,33056E+1	6,55170E+1	4,86400E+2
2,32992E+1	6,54920E+1	1,09300E+2
2,32848E+1	6,54660E+1	4,07120E+2
2,32736E+1	6,54410E+1	5,36210E+2
2,32656E+1	6,54170E+1	6,65040E+2
2,32576E+1	6,53920E+1	5,95750E+2
2,32496E+1	6,53660E+1	9,03300E+2
2,32352E+1	6,53440E+1	8,43800E+2
2,32240E+1	6,53110E+1	6,75000E+2
2,32160E+1	6,52900E+1	5,55900E+2
2,32080E+1	6,52660E+1	3,37500E+2
2,32000E+1	6,52380E+1	5,85600E+2
2,31904E+1	6,52150E+1	3,67200E+2
2,31728E+1	6,51900E+1	4,26900E+2
2,31648E+1	6,51670E+1	3,47500E+2
2,31568E+1	6,51410E+1	2,58300E+2
2,31488E+1	6,51110E+1	4,76300E+2
2,31408E+1	6,50890E+1	9,94000E+1
2,31280E+1	6,50660E+1	1,88600E+2
2,31168E+1	6,50430E+1	1,78800E+2
2,31088E+1	6,50120E+1	5,96000E+1
2,31008E+1	6,49870E+1	1,78600E+2
2,30928E+1	6,49610E+1	4,86300E+2
2,30832E+1	6,49390E+1	7,34600E+2
2,30704E+1	6,49140E+1	8,23900E+2
2,30608E+1	6,48900E+1	1,16150E+3
2,30464E+1	6,48600E+1	1,21100E+3
2,30352E+1	6,48370E+1	1,13180E+3
2,30240E+1	6,48110E+1	1,20120E+3
2,30144E+1	6,47870E+1	1,28050E+3
2,30080E+1	6,47640E+1	1,03260E+3
2,30000E+1	6,47350E+1	1,11170E+3
2,29872E+1	6,47070E+1	9,23300E+2
2,29728E+1	6,46860E+1	9,82800E+2
2,29648E+1	6,46630E+1	8,13900E+2
2,29552E+1	6,46360E+1	7,34400E+2
2,29488E+1	6,46090E+1	2,87800E+2
2,29376E+1	6,45850E+1	3,17700E+2
2,29248E+1	6,45600E+1	3,97000E+2
2,29136E+1	6,45360E+1	4,16900E+2
2,29056E+1	6,45110E+1	5,06200E+2
2,28976E+1	6,44800E+1	7,44400E+2
2,28864E+1	6,44590E+1	7,94200E+2
2,28736E+1	6,44320E+1	9,03200E+2
2,28656E+1	6,44060E+1	9,33100E+2
2,28560E+1	6,43840E+1	9,13100E+2
2,28480E+1	6,43590E+1	5,65800E+2
2,28352E+1	6,43300E+1	4,07000E+2
2,28256E+1	6,43040E+1	4,36800E+2
2,28144E+1	6,42830E+1	3,07700E+2
2,28064E+1	6,42590E+1	3,97100E+2
2,27968E+1	6,42290E+1	1,78700E+2
2,27872E+1	6,42100E+1	3,66900E+2
2,27776E+1	6,41830E+1	2,18400E+2
2,27648E+1	6,41540E+1	1,28900E+2
2,27568E+1	6,41260E+1	3,98000E+1
2,27488E+1	6,41040E+1	1,29100E+2
2,27408E+1	6,40760E+1	9,93000E+1
2,27312E+1	6,40560E+1	3,47400E+2
1,28000E-2	6,40260E+1	6,94900E+2
2,27072E+1	6,39990E+1	8,43900E+2
2,26992E+1	6,39770E+1	9,13200E+2
2,26912E+1	6,39500E+1	1,09200E+3
2,26832E+1	6,39280E+1	1,20090E+3
2,26736E+1	6,39000E+1	1,19110E+3
2,26592E+1	6,38750E+1	9,03400E+2
2,26480E+1	6,38530E+1	8,63800E+2
2,26384E+1	6,38250E+1	8,83500E+2
2,26240E+1	6,37990E+1	7,34500E+2
2,26144E+1	6,37780E+1	6,85000E+2
2,26064E+1	6,37500E+1	4,56700E+2
2,25968E+1	6,37240E+1	3,37500E+2
2,25872E+1	6,36990E+1	7,95000E+1
2,25760E+1	6,36740E+1	5,85500E+2
2,25632E+1	6,36470E+1	2,68100E+2
2,25552E+1	6,36210E+1	3,57400E+2
2,25472E+1	6,35990E+1	5,75800E+2
2,25408E+1	6,35750E+1	6,45200E+2
2,25264E+1	6,35450E+1	6,15700E+2
2,25136E+1	6,35200E+1	5,75900E+2
2,25040E+1	6,34960E+1	3,97100E+2
2,24976E+1	6,34740E+1	3,97000E+2
2,24896E+1	6,34480E+1	2,48200E+2
2,24784E+1	6,34190E+1	2,28300E+2
2,24656E+1	6,33950E+1	3,27500E+2
2,24544E+1	6,33690E+1	2,88000E+2
2,24464E+1	6,33480E+1	8,93000E+1
2,24384E+1	6,33200E+1	-2,00000E-1
2,24288E+1	6,32940E+1	-2,28000E+2
2,24160E+1	6,32670E+1	1,09200E+2
2,24064E+1	6,32440E+1	1,48800E+2
2,23968E+1	6,32150E+1	1,58700E+2
2,23872E+1	6,31910E+1	2,08500E+2
2,23792E+1	6,31690E+1	5,16100E+2
2,23680E+1	6,31390E+1	8,63500E+2
2,23568E+1	6,31160E+1	7,64400E+2
2,23488E+1	6,30870E+1	1,01250E+3
2,23392E+1	6,30650E+1	1,03240E+3
2,23296E+1	6,30330E+1	8,93500E+2
2,23184E+1	6,30120E+1	8,13800E+2
2,23056E+1	6,29890E+1	7,04800E+2
2,22976E+1	6,29650E+1	7,04800E+2
2,22912E+1	6,29370E+1	4,66700E+2
2,22832E+1	6,29150E+1	2,48300E+2
2,22752E+1	6,28890E+1	2,47800E+2
2,22608E+1	6,28640E+1	1,98400E+2
2,22496E+1	6,28360E+1	1,29100E+2
2,22416E+1	6,28100E+1	5,75400E+2
2,22288E+1	6,27860E+1	3,27800E+2
2,22144E+1	6,27580E+1	3,57300E+2
2,22064E+1	6,27360E+1	2,58300E+2
2,21968E+1	6,27160E+1	6,35100E+2
2,21872E+1	6,26860E+1	4,76400E+2
2,21792E+1	6,26590E+1	3,87100E+2
2,21664E+1	6,26320E+1	8,92000E+1
2,21536E+1	6,26090E+1	2,38400E+2
2,21472E+1	6,25840E+1	9,93000E+1
2,21392E+1	6,25550E+1	2,28300E+2
2,21296E+1	6,25310E+1	1,49000E+2
2,21168E+1	6,25050E+1	1,98400E+2
2,21040E+1	6,24780E+1	-1,96000E+1
2,20960E+1	6,24550E+1	-1,78400E+2
2,20880E+1	6,24260E+1	-1,01000E+1
2,20784E+1	6,24060E+1	8,95000E+1
2,20704E+1	6,23800E+1	2,98000E+1
2,20544E+1	6,23530E+1	5,45700E+2
2,20448E+1	6,23270E+1	2,28400E+2
2,20368E+1	6,23020E+1	5,75800E+2
2,20272E+1	6,22760E+1	7,04800E+2
2,20176E+1	6,22510E+1	8,03900E+2
2,20064E+1	6,22250E+1	8,23700E+2
2,19968E+1	6,21980E+1	7,34200E+2
2,19872E+1	6,21720E+1	4,66900E+2
2,19776E+1	6,21440E+1	4,56700E+2
2,19680E+1	6,21210E+1	1,98700E+2
2,19584E+1	6,20970E+1	3,07400E+2
2,19456E+1	6,20710E+1	3,17500E+2
2,19392E+1	6,20460E+1	4,97000E+1
2,19296E+1	6,20190E+1	1,58900E+2
2,19216E+1	6,19940E+1	1,68800E+2
2,19088E+1	6,19670E+1	2,08300E+2
2,18960E+1	6,19430E+1	3,37400E+2
2,18896E+1	6,19180E+1	3,27700E+2
2,18800E+1	6,18910E+1	2,28500E+2
2,18736E+1	6,18680E+1	2,58100E+2
2,18656E+1	6,18430E+1	6,98000E+1
2,18496E+1	6,18170E+1	3,67200E+2
2,18384E+1	6,17890E+1	4,86500E+2
2,18272E+1	6,17640E+1	6,05600E+2
2,18176E+1	6,17420E+1	7,64600E+2
2,18064E+1	6,17170E+1	8,83400E+2
2,17952E+1	6,16910E+1	9,33000E+2
2,17872E+1	6,16630E+1	1,12180E+3
2,17776E+1	6,16340E+1	7,64300E+2
2,17664E+1	6,16140E+1	5,36100E+2
2,17536E+1	6,15870E+1	5,36400E+2
2,17440E+1	6,15580E+1	2,18400E+2
2,17376E+1	6,15370E+1	3,47200E+2
2,17296E+1	6,15090E+1	2,97800E+2
2,17184E+1	6,14850E+1	3,47600E+2
2,17056E+1	6,14590E+1	2,68200E+2
2,16928E+1	6,14350E+1	5,35700E+2
2,16848E+1	6,14100E+1	1,88700E+2
2,16768E+1	6,13830E+1	2,97900E+2
2,16704E+1	6,13550E+1	3,67400E+2
2,16576E+1	6,13330E+1	1,19300E+2
2,16432E+1	6,13080E+1	1,78800E+2
2,16352E+1	6,12820E+1	1,49000E+2
2,16272E+1	6,12550E+1	-2,96000E+1
2,16192E+1	6,12280E+1	4,96000E+1
2,16080E+1	6,12030E+1	2,00000E-1
2,15952E+1	6,11790E+1	2,57900E+2
2,15872E+1	6,11530E+1	3,27800E+2
2,15760E+1	6,11290E+1	1,68500E+2
2,15696E+1	6,10970E+1	1,58800E+2
2,15600E+1	6,10720E+1	4,97000E+1
2,15456E+1	6,10510E+1	1,78600E+2
2,15376E+1	6,10210E+1	1,08900E+2
2,15280E+1	6,09980E+1	-1,48800E+2
2,15184E+1	6,09730E+1	1,58700E+2
2,15120E+1	6,09480E+1	-7,92000E+1
2,15008E+1	6,09240E+1	0,00000E+0
2,14880E+1	6,08920E+1	2,97000E+1
2,14800E+1	6,08690E+1	3,96000E+1
2,14704E+1	6,08410E+1	-3,96000E+1
2,14624E+1	6,08160E+1	4,99000E+1
2,14512E+1	6,07950E+1	9,70000E+0
2,14368E+1	6,07670E+1	1,88400E+2
2,14304E+1	6,07410E+1	1,98600E+2
2,14208E+1	6,07120E+1	3,47500E+2
2,14096E+1	6,06950E+1	3,57600E+2
2,13936E+1	6,06650E+1	3,07800E+2
2,13856E+1	6,06410E+1	4,56400E+2
2,13760E+1	6,06130E+1	2,68200E+2
2,13696E+1	6,05860E+1	1,68500E+2
2,13616E+1	6,05620E+1	2,99000E+1
2,13456E+1	6,05410E+1	2,97700E+2
2,13344E+1	6,05120E+1	2,98000E+1
2,13264E+1	6,04860E+1	-2,95000E+1
2,13184E+1	6,04610E+1	1,98300E+2
2,13072E+1	6,04360E+1	1,02000E+1
2,12944E+1	6,04100E+1	2,00000E+1
2,12848E+1	6,03820E+1	9,94000E+1
2,12768E+1	6,03600E+1	-2,96000E+1
2,12672E+1	6,03320E+1	1,98400E+2
2,12592E+1	6,03060E+1	1,19100E+2
2,12448E+1	6,02790E+1	-2,00000E-1
2,12336E+1	6,02500E+1	-5,94000E+1
2,12272E+1	6,02280E+1	-1,09300E+2
2,12176E+1	6,02030E+1	-5,95000E+1
2,12096E+1	6,01750E+1	1,99000E+1
2,11984E+1	6,01490E+1	1,28800E+2
2,11840E+1	6,01290E+1	5,95000E+1
2,11760E+1	6,01030E+1	2,00000E-1
2,11680E+1	6,00740E+1	7,91000E+1
2,11600E+1	6,00480E+1	1,97000E+1
2,11488E+1	6,00200E+1	-5,95000E+1
2,11344E+1	5,99980E+1	-5,93000E+1
2,11248E+1	5,99730E+1	1,19200E+2
2,11184E+1	5,99450E+1	1,78700E+2
2,11088E+1	5,99190E+1	1,68400E+2
2,11008E+1	5,98970E+1	2,18300E+2
2,10880E+1	5,98660E+1	8,92000E+1
2,10784E+1	5,98400E+1	1,97000E+1
2,10688E+1	5,98160E+1	1,88600E+2
2,10608E+1	5,97890E+1	6,93000E+1
2,10528E+1	5,97660E+1	2,08300E+2
2,10400E+1	5,97390E+1	-1,97000E+1
2,10288E+1	5,97150E+1	6,95000E+1
2,10208E+1	5,96860E+1	1,28800E+2
2,10112E+1	5,96600E+1	1,29200E+2
2,09968E+1	5,96370E+1	1,88400E+2
2,09840E+1	5,96140E+1	-8,92000E+1
2,09760E+1	5,95850E+1	2,00000E+1
2,09664E+1	5,95600E+1	2,97000E+1
2,09584E+1	5,95360E+1	-1,00000E-1
2,09488E+1	5,95100E+1	-1,48600E+2
2,09328E+1	5,94840E+1	-4,95000E+1
2,09248E+1	5,94570E+1	2,97000E+1
2,09152E+1	5,94340E+1	-3,97000E+1
2,09072E+1	5,94010E+1	-7,95000E+1
2,08960E+1	5,93780E+1	4,76600E+2
2,08832E+1	5,93520E+1	1,74680E+3
2,08752E+1	5,93240E+1	2,90860E+3
2,08672E+1	5,93060E+1	3,96050E+3
2,08576E+1	5,92780E+1	4,79430E+3
2,08464E+1	5,92480E+1	4,91350E+3
2,08320E+1	5,92240E+1	4,39780E+3
2,08240E+1	5,92010E+1	3,62370E+3
2,08176E+1	5,91740E+1	2,19390E+3
2,08096E+1	5,91460E+1	1,05240E+3
2,08000E+1	5,91220E+1	6,94000E+1
2,07872E+1	5,90930E+1	-1,98000E+1
2,07728E+1	5,90730E+1	-8,93000E+1
2,07648E+1	5,90440E+1	3,96000E+1
2,07584E+1	5,90170E+1	-3,00000E+1
2,07504E+1	5,89930E+1	7,93000E+1
2,07408E+1	5,89650E+1	-8,93000E+1
2,07264E+1	5,89400E+1	-5,94000E+1
2,07168E+1	5,89150E+1	1,00000E+1
2,07072E+1	5,88890E+1	-3,98000E+1
2,07008E+1	5,88650E+1	1,18800E+2
2,06912E+1	5,88400E+1	-9,80000E+0
2,06768E+1	5,88100E+1	-8,89000E+1
2,06688E+1	5,87840E+1	2,97000E+1
2,06592E+1	5,87640E+1	-9,90000E+0
2,06528E+1	5,87350E+1	-9,80000E+0
2,06432E+1	5,87070E+1	1,39100E+2
2,06320E+1	5,86810E+1	-1,09300E+2
2,06192E+1	5,86630E+1	-8,88000E+1
2,06096E+1	5,86350E+1	3,95000E+1
2,06000E+1	5,86070E+1	-1,19200E+2
2,05856E+1	5,85820E+1	-9,92000E+1
2,05744E+1	5,85550E+1	2,38100E+2
2,05648E+1	5,85300E+1	1,98000E+1
2,05568E+1	5,85020E+1	1,39100E+2
2,05488E+1	5,84770E+1	-1,99000E+1
2,05360E+1	5,84480E+1	9,80000E+0
2,05248E+1	5,84290E+1	3,00000E+1
2,05152E+1	5,83980E+1	-3,97000E+1
2,05072E+1	5,83750E+1	-2,98000E+1
2,04976E+1	5,83460E+1	-3,07400E+2
2,04848E+1	5,83210E+1	-8,91000E+1
2,04720E+1	5,82940E+1	1,09200E+2
2,04640E+1	5,82690E+1	-8,93000E+1
2,04560E+1	5,82470E+1	9,89000E+1
2,04480E+1	5,82180E+1	-6,94000E+1
2,04400E+1	5,81940E+1	-9,90000E+0
2,04240E+1	5,81670E+1	-3,07200E+2
2,04144E+1	5,81420E+1	1,48600E+2
2,04048E+1	5,81140E+1	7,93000E+1
2,03968E+1	5,80900E+1	9,92000E+1
2,03888E+1	5,80620E+1	3,00000E-1
2,03744E+1	5,80430E+1	-1,19000E+2
2,03648E+1	5,80100E+1	-1,78400E+2
2,03568E+1	5,79900E+1	-9,60000E+0
2,03488E+1	5,79600E+1	-1,48700E+2
2,03392E+1	5,79370E+1	-1,78500E+2
2,03280E+1	5,79130E+1	-7,94000E+1
2,03152E+1	5,78850E+1	-2,99000E+1
2,03072E+1	5,78620E+1	-1,58800E+2
2,02992E+1	5,78300E+1	-1,29000E+2
2,02896E+1	5,78060E+1	2,96000E+1
2,02816E+1	5,77790E+1	-2,38300E+2
2,02656E+1	5,77540E+1	1,00000E+1
2,02576E+1	5,77270E+1	-8,92000E+1
2,02496E+1	5,77040E+1	6,96000E+1
2,02416E+1	5,76730E+1	-1,28900E+2
2,02304E+1	5,76510E+1	-4,96000E+1
2,02224E+1	5,76260E+1	-1,00000E-1
2,02096E+1	5,76010E+1	-1,19000E+2
2,02016E+1	5,75770E+1	1,95000E+1
2,01888E+1	5,75480E+1	-2,00000E+1
2,01728E+1	5,75250E+1	-4,96000E+1
2,01632E+1	5,74950E+1	3,95000E+1
2,01552E+1	5,74720E+1	3,96000E+1
2,01472E+1	5,74470E+1	-1,58700E+2
2,01376E+1	5,74220E+1	1,01000E+1
2,01248E+1	5,73960E+1	-1,98600E+2
2,01152E+1	5,73680E+1	1,00000E-1
2,01072E+1	5,73430E+1	-9,70000E+0
2,00992E+1	5,73160E+1	1,39200E+2
2,00896E+1	5,72910E+1	0,00000E+0
2,00768E+1	5,72670E+1	1,38500E+2
2,00640E+1	5,72410E+1	3,27700E+2
2,00560E+1	5,72120E+1	2,19410E+3
2,00480E+1	5,71870E+1	7,65370E+3
2,00400E+1	5,71600E+1	1,07012E+4
2,00288E+1	5,71330E+1	1,32027E+4
2,00128E+1	5,71080E+1	1,42845E+4
2,00048E+1	5,70870E+1	1,36300E+4
1,99984E+1	5,70630E+1	1,17228E+4
1,99888E+1	5,70310E+1	6,61150E+3
1,99792E+1	5,70080E+1	3,08700E+3
1,99664E+1	5,69810E+1	1,31020E+3
1,99552E+1	5,69540E+1	1,09300E+2
1,99488E+1	5,69300E+1	-1,48800E+2
1,99392E+1	5,69010E+1	-1,19100E+2
1,99280E+1	5,68740E+1	5,97000E+1
1,99168E+1	5,68510E+1	-1,29100E+2
1,99056E+1	5,68270E+1	-2,00000E+1
1,98976E+1	5,68000E+1	2,00000E+1
1,98896E+1	5,67740E+1	-5,96000E+1
1,98816E+1	5,67490E+1	-1,95000E+1
1,98720E+1	5,67220E+1	-1,58600E+2
1,98560E+1	5,66970E+1	-7,94000E+1
1,98480E+1	5,66700E+1	1,48700E+2
1,98400E+1	5,66450E+1	1,39100E+2
1,98320E+1	5,66200E+1	8,01000E+1
1,98240E+1	5,65930E+1	2,01000E+1
1,98112E+1	5,65670E+1	-5,92000E+1
1,98000E+1	5,65370E+1	-2,95000E+1
1,97888E+1	5,65160E+1	-1,09300E+2
1,97776E+1	5,64870E+1	-3,47300E+2
1,97632E+1	5,64640E+1	-2,98000E+1
1,97552E+1	5,64370E+1	-2,98000E+1
1,97472E+1	5,64100E+1	1,08700E+2
1,97392E+1	5,63870E+1	-3,99000E+1
1,97296E+1	5,63600E+1	-3,67200E+2
1,97152E+1	5,63330E+1	-1,68400E+2
1,97056E+1	5,63080E+1	-1,98800E+2
1,96976E+1	5,62850E+1	-7,94000E+1
1,96880E+1	5,62540E+1	-1,28900E+2
1,96816E+1	5,62300E+1	-7,91000E+1
1,96688E+1	5,62030E+1	1,09000E+2
1,96544E+1	5,61810E+1	-1,00000E-1
1,96464E+1	5,61530E+1	-2,28100E+2
1,96368E+1	5,61280E+1	9,90000E+0
1,96288E+1	5,61000E+1	-7,00000E+1
1,96160E+1	5,60750E+1	9,80000E+0
1,96032E+1	5,60470E+1	-8,93000E+1
1,95952E+1	5,60220E+1	9,94000E+1
1,95888E+1	5,59950E+1	3,95000E+1
1,95792E+1	5,59680E+1	-5,96000E+1
1,95696E+1	5,59430E+1	-1,09100E+2
1,95536E+1	5,59200E+1	-1,98900E+2
1,95456E+1	5,58930E+1	-1,68400E+2
1,95376E+1	5,58680E+1	-4,26900E+2
1,95296E+1	5,58430E+1	-2,38300E+2
1,95200E+1	5,58160E+1	-1,68700E+2
1,95056E+1	5,57920E+1	2,98000E+1
1,94960E+1	5,57640E+1	-3,98000E+1
1,94880E+1	5,57370E+1	-1,18700E+2
1,94800E+1	5,57130E+1	-4,93000E+1
1,94704E+1	5,56840E+1	1,28700E+2
1,94592E+1	5,56550E+1	8,93000E+1
1,94480E+1	5,56330E+1	-2,00000E-1
1,94400E+1	5,56090E+1	-1,09100E+2
1,94320E+1	5,55830E+1	-5,95000E+1
1,94224E+1	5,55550E+1	1,05000E+1
1,94128E+1	5,55290E+1	-6,95000E+1
1,93984E+1	5,55040E+1	-2,08400E+2
1,93888E+1	5,54800E+1	-1,58900E+2
1,93792E+1	5,54490E+1	-8,93000E+1
1,93680E+1	5,54280E+1	9,94000E+1
1,93536E+1	5,54010E+1	1,08900E+2
1,93456E+1	5,53750E+1	4,94000E+1
1,93360E+1	5,53490E+1	-6,92000E+1
1,93280E+1	5,53210E+1	1,39000E+2
1,93168E+1	5,53000E+1	8,53900E+2
1,93024E+1	5,52710E+1	3,87140E+3
1,92960E+1	5,52460E+1	8,65610E+3
1,92880E+1	5,52180E+1	1,46124E+4
1,92800E+1	5,51950E+1	1,92083E+4
1,92672E+1	5,51670E+1	2,14615E+4
1,92528E+1	5,51420E+1	2,08362E+4
1,92432E+1	5,51140E+1	1,43831E+4
1,92352E+1	5,50890E+1	8,60630E+3
1,92272E+1	5,50670E+1	4,06010E+3
1,92208E+1	5,50380E+1	5,17000E+2
1,92080E+1	5,50090E+1	-4,97000E+1
1,91952E+1	5,49840E+1	-1,38500E+2
1,91856E+1	5,49560E+1	7,94000E+1
1,91776E+1	5,49340E+1	-1,00000E+1
1,91696E+1	5,49080E+1	-6,95000E+1
1,91568E+1	5,48790E+1	9,88000E+1
1,91456E+1	5,48590E+1	-2,47700E+2
1,91376E+1	5,48340E+1	9,85000E+1
1,91264E+1	5,48020E+1	2,96000E+1
1,91184E+1	5,47750E+1	5,91000E+1
1,91072E+1	5,47510E+1	-5,98000E+1
1,90944E+1	5,47240E+1	1,88400E+2
1,90864E+1	5,46970E+1	-1,29100E+2
1,90784E+1	5,46700E+1	-2,97000E+1
1,90704E+1	5,46500E+1	-1,68600E+2
1,90608E+1	5,46210E+1	-2,87600E+2
1,90480E+1	5,45960E+1	6,86000E+1
1,90368E+1	5,45640E+1	6,96000E+1
1,90304E+1	5,45390E+1	8,92000E+1
1,90224E+1	5,45200E+1	-2,98000E+1
1,90144E+1	5,44930E+1	2,06000E+1
1,90048E+1	5,44670E+1	-3,67400E+2
1,89888E+1	5,44410E+1	-3,97200E+2
1,89792E+1	5,44140E+1	-4,95200E+2
1,89680E+1	5,43880E+1	-3,28000E+2
1,89568E+1	5,43620E+1	-3,37300E+2
1,89440E+1	5,43370E+1	-1,96000E+1
1,89376E+1	5,43090E+1	-1,38800E+2
1,89280E+1	5,42840E+1	-1,58800E+2
1,89200E+1	5,42590E+1	-7,90000E+1
1,89072E+1	5,42300E+1	1,09100E+2
1,88928E+1	5,42020E+1	2,97000E+1
1,88832E+1	5,41810E+1	-2,17900E+2
1,88768E+1	5,41580E+1	-3,98000E+1
1,88688E+1	5,41230E+1	-1,88900E+2
1,88608E+1	5,41040E+1	-1,78400E+2
1,88432E+1	5,40720E+1	-6,98000E+1
1,88352E+1	5,40500E+1	-3,36500E+2
1,88272E+1	5,40250E+1	6,89000E+1
1,88176E+1	5,40010E+1	7,86000E+1
1,88080E+1	5,39720E+1	6,98000E+1
1,87952E+1	5,39460E+1	-1,19600E+2
1,87840E+1	5,39210E+1	8,93000E+1
1,87760E+1	5,38960E+1	4,96000E+1
1,87680E+1	5,38670E+1	1,48500E+2
1,87600E+1	5,38430E+1	5,91000E+1
1,87472E+1	5,38160E+1	-8,90000E+1
1,87344E+1	5,37920E+1	-6,92000E+1
1,87264E+1	5,37660E+1	9,90000E+0
1,87184E+1	5,37420E+1	-2,00000E-1
1,87088E+1	5,37120E+1	-5,95000E+1
1,86976E+1	5,36810E+1	-1,87800E+2
1,86848E+1	5,36560E+1	-5,93000E+1
1,86768E+1	5,36340E+1	4,97000E+1
1,86688E+1	5,36090E+1	-1,28800E+2
1,86608E+1	5,35840E+1	-1,96000E+1
1,86512E+1	5,35560E+1	1,58800E+2
1,86352E+1	5,35300E+1	6,35800E+2
1,86256E+1	5,35040E+1	3,82160E+3
1,86192E+1	5,34750E+1	1,11081E+4
1,86128E+1	5,34560E+1	1,44230E+4
1,86048E+1	5,34250E+1	1,60423E+4
1,85936E+1	5,34000E+1	1,57139E+4
1,85792E+1	5,33760E+1	1,24284E+4
1,85696E+1	5,33460E+1	7,92130E+3
1,85600E+1	5,33230E+1	4,95340E+3
1,85472E+1	5,32900E+1	1,39010E+3
1,85344E+1	5,32670E+1	1,78100E+2
1,85264E+1	5,32470E+1	-1,00000E+2
1,85184E+1	5,32180E+1	1,38200E+2
1,85088E+1	5,31920E+1	2,97000E+1
1,84960E+1	5,31650E+1	-2,87300E+2
1,84848E+1	5,31360E+1	8,94000E+1
1,84752E+1	5,31140E+1	4,95000E+1
1,84672E+1	5,30880E+1	-2,18500E+2
1,84592E+1	5,30590E+1	7,95000E+1
1,84480E+1	5,30360E+1	1,00000E-1
1,84336E+1	5,30140E+1	-6,90000E+1
1,84240E+1	5,29850E+1	8,95000E+1
1,84160E+1	5,29570E+1	-5,00000E-1
1,84080E+1	5,29310E+1	-1,78400E+2
1,83968E+1	5,29020E+1	-1,68900E+2
1,83840E+1	5,28780E+1	-5,98000E+1
1,83760E+1	5,28550E+1	-1,09500E+2
1,83680E+1	5,28280E+1	-2,00000E+1
1,83584E+1	5,28010E+1	-6,96000E+1
1,83504E+1	5,27770E+1	0,00000E+0
1,83344E+1	5,27550E+1	2,92000E+1
1,83232E+1	5,27260E+1	-9,01000E+1
1,83168E+1	5,27000E+1	-3,57400E+2
1,83088E+1	5,26720E+1	-3,27400E+2
1,83008E+1	5,26420E+1	-1,19500E+2
1,82864E+1	5,26180E+1	-5,04000E+1
1,28000E-2	5,25930E+1	-1,78800E+2
1,82656E+1	5,25650E+1	1,58300E+2
1,82576E+1	5,25420E+1	-4,04000E+1
1,82512E+1	5,25150E+1	4,90000E+1
1,82448E+1	5,24880E+1	-2,08600E+2
1,82272E+1	5,24570E+1	-1,58300E+2
1,82176E+1	5,24380E+1	3,00000E+1
1,82096E+1	5,24090E+1	1,49700E+2
1,82016E+1	5,23840E+1	1,18900E+2
1,81920E+1	5,23610E+1	2,99000E+1
1,81824E+1	5,23310E+1	1,98000E+2
1,81712E+1	5,23060E+1	8,90000E+1
1,81600E+1	5,22810E+1	-7,90000E+1
1,81488E+1	5,22550E+1	1,38400E+2
1,81328E+1	5,22280E+1	-4,95000E+1
1,81232E+1	5,21990E+1	-9,90000E+1
1,81168E+1	5,21740E+1	-1,08800E+2
1,81072E+1	5,21510E+1	1,58200E+2
1,81008E+1	5,21260E+1	2,00000E-1
1,80864E+1	5,20980E+1	-4,94000E+1
1,80736E+1	5,20730E+1	-1,18300E+2
1,80656E+1	5,20480E+1	2,07900E+2
1,80576E+1	5,20220E+1	-5,91000E+1
1,80480E+1	5,19930E+1	-2,07600E+2
1,80384E+1	5,19690E+1	-1,77700E+2
1,80240E+1	5,19390E+1	-7,94000E+1
1,80144E+1	5,19150E+1	3,76800E+2
1,80064E+1	5,18900E+1	1,19110E+3
1,79968E+1	5,18620E+1	1,60720E+3
1,79856E+1	5,18350E+1	1,67740E+3
1,79744E+1	5,18140E+1	1,51850E+3
1,79664E+1	5,17830E+1	1,40020E+3
1,79584E+1	5,17580E+1	1,02250E+3
1,79488E+1	5,17350E+1	2,77900E+2
1,79376E+1	5,17060E+1	1,88700E+2
1,79232E+1	5,16850E+1	1,77900E+2
1,79152E+1	5,16570E+1	-1,49100E+2
1,79056E+1	5,16320E+1	-1,38300E+2
1,78976E+1	5,16060E+1	5,01000E+1
1,78912E+1	5,15790E+1	7,97000E+1
1,78752E+1	5,15500E+1	-4,96000E+1
1,78640E+1	5,15230E+1	1,00000E-1
1,78560E+1	5,15000E+1	8,90000E+1
1,78480E+1	5,14740E+1	-1,38600E+2
1,78400E+1	5,14460E+1	-9,86000E+1
1,78320E+1	5,14190E+1	-2,98000E+1
1,78176E+1	5,13980E+1	2,08000E+1
1,78080E+1	5,13680E+1	7,98000E+1
1,77984E+1	5,13450E+1	2,94000E+1
1,77904E+1	5,13180E+1	-1,48300E+2
1,77840E+1	5,12890E+1	-7,92000E+1
1,77712E+1	5,12620E+1	3,97000E+1
1,77616E+1	5,12410E+1	-4,96000E+1
1,77504E+1	5,12110E+1	9,80000E+0
1,77376E+1	5,11860E+1	2,02000E+1
1,77216E+1	5,11600E+1	-9,60000E+0
1,77136E+1	5,11360E+1	-8,95000E+1
1,77056E+1	5,11080E+1	-5,97000E+1
1,76976E+1	5,10850E+1	1,09300E+2
1,76880E+1	5,10560E+1	-4,95000E+1
1,76736E+1	5,10320E+1	-5,03000E+1
1,76640E+1	5,10060E+1	1,37800E+2
1,76560E+1	5,09780E+1	1,78500E+2
1,76480E+1	5,09530E+1	-2,28000E+2
1,76384E+1	5,09270E+1	-1,08600E+2
1,76272E+1	5,09020E+1	2,91000E+1
1,76144E+1	5,08770E+1	-4,99000E+1
1,76064E+1	5,08490E+1	-3,89000E+1
1,75968E+1	5,08210E+1	-2,94000E+1
1,75888E+1	5,07950E+1	1,99000E+1
1,75760E+1	5,07700E+1	1,78300E+2
1,75632E+1	5,07420E+1	-1,59200E+2
1,75568E+1	5,07230E+1	-1,00000E-1
1,75488E+1	5,06920E+1	1,39500E+2
1,75408E+1	5,06660E+1	1,28400E+2
1,75296E+1	5,06410E+1	3,93000E+1
1,75136E+1	5,06160E+1	-3,01000E+1
1,75056E+1	5,05880E+1	1,38700E+2
1,74976E+1	5,05660E+1	-1,05000E+1
1,74896E+1	5,05380E+1	-3,08000E+1
1,74816E+1	5,05150E+1	-2,27300E+2
1,74688E+1	5,04860E+1	1,08800E+2
1,74560E+1	5,04620E+1	2,90000E+1
1,74480E+1	5,04360E+1	9,85000E+1
1,74400E+1	5,04110E+1	2,86000E+1
1,74320E+1	5,03800E+1	-5,00000E-1
1,74208E+1	5,03540E+1	-3,00000E-1
1,74080E+1	5,03290E+1	9,87000E+1
1,74000E+1	5,03030E+1	1,09100E+2
1,73904E+1	5,02750E+1	9,70000E+0
1,73840E+1	5,02540E+1	5,00000E-1
1,73728E+1	5,02250E+1	9,87000E+1
1,73600E+1	5,01970E+1	4,97000E+1
1,73504E+1	5,01750E+1	2,04000E+1
1,73408E+1	5,01470E+1	-1,68100E+2
1,73280E+1	5,01200E+1	1,19000E+2
1,73136E+1	5,00960E+1	-7,01000E+1
1,73056E+1	5,00710E+1	-7,86000E+1
1,72976E+1	5,00420E+1	-5,97000E+1
1,72896E+1	5,00170E+1	-2,97000E+1
1,72800E+1	4,99920E+1	3,99000E+1
1,72656E+1	4,99680E+1	-1,99000E+1
1,72544E+1	4,99410E+1	7,91000E+1
1,72464E+1	4,99130E+1	-2,08800E+2
1,72384E+1	4,98910E+1	-1,88100E+2
1,72288E+1	4,98600E+1	-1,58700E+2
1,72176E+1	4,98340E+1	-2,89000E+1
1,72064E+1	4,98100E+1	3,94000E+1
