250.0     96.954     97.058
252.0     95.574     95.983
254.0     94.368     94.582
256.0     94.799     94.622
258.0     94.763     94.665
260.0     94.354     94.628
262.0     93.996     94.777
264.0     93.471     94.966
266.0     93.547     94.92
268.0     93.923     94.844
270.0     94.368     94.826
272.0     94.542     94.719
274.0     94.863     95.003
276.0     94.893     95.058
278.0     94.49      95.113
280.0     94.292     95.439
282.0     94.234     95.326
284.0     94.533     95.217
286.0     93.322     98.54
288.0     93.542     97.827
290.0     94.211     100.571
292.0     97.119     102.295
294.0     99.806     99.855
296.0     100.515    101.821
298.0     99.224     98.808
300.0     95.632     97.432
302.0     94.491     96.957
304.0     91.928     95.602
306.0     92.433     97.719
308.0     92.633     97.918
310.0     92.338     98.906
312.0     92.85      99.173
314.0     91.098     97.219
316.0     88.121     97.02
318.0     84.77      95.592
320.0     80.882     95.488
322.0     76.403     95.697
324.0     73.1       95.109
326.0     70.483     95.691
328.0     70.282     95.264
330.0     72.271     95.202
332.0     75.922     95.319
334.0     80.703     95.083
336.0     84.895     95.21
338.0     88.312     95.264
340.0     89.673     95.416
342.0     89.1       95.564
344.0     86.295     95.542
346.0     81.73      95.279
348.0     74.892     95.21
350.0     66.188     95.253
352.0     56.283     95.248
354.0     45.987     95.425
356.0     35.806     95.266
358.0     27.187     95.314
360.0     19.581     95.271
362.0     13.45      95.383
364.0     8.805      95.517
366.0     5.594      95.523
368.0     3.054      95.571
370.0     0.985      95.59
372.0     -0.357     95.536
374.0     -2.042     95.401
376.0     -3.104     95.382
378.0     -4.41      95.254
380.0     -5.246     95.279
382.0     -6.253     95.321
384.0     -6.638     95.321
386.0     -7.108     95.334
388.0     -7.938     95.303
390.0     -8.316     95.285
392.0     -8.701     95.334
394.0     -8.634     95.309
396.0     -7.919     95.321
398.0     -6.51      95.352
400.0     -4.63      95.346
402.0     -0.858     95.328
404.0     5.801      95.407
406.0     15.555     95.383
408.0     29.031     95.389
410.0     44.315     95.364
412.0     58.688     95.334
414.0     69.577     95.334
416.0     75.265     95.315
418.0     75.491     95.358
420.0     71.084     95.364
422.0     63.156     95.346
424.0     52.908     95.303
426.0     41.727     95.267
428.0     29.825     95.346
430.0     19.29      95.352
432.0     10.739     95.407
434.0     4.178      95.444
436.0     0.131      95.37
438.0     -2.695     95.395
440.0     -4.398     95.407
442.0     -5.777     95.413
444.0     -6.705     95.419
446.0     -7.272     95.407
448.0     -8.212     95.334
450.0     -8.859     95.322
452.0     -9.525     95.364
454.0     -10.245    95.37
456.0     -10.44     95.456
458.0     -10.815    95.435
460.0     -10.983    95.438
462.0     -11.148    95.431
464.0     -11.496    95.401
466.0     -11.673    95.45
468.0     -12.039    95.413
470.0     -12.216    95.419
472.0     -12.393    95.45
474.0     -12.656    95.474
476.0     -12.723    95.493
478.0     -12.943    95.517
480.0     -13.29     95.48
482.0     -13.406    95.438
484.0     -13.535    95.401
486.0     -13.675    95.187
488.0     -13.693    94.717
490.0     -13.751    93.622
492.0     -13.907    91.605
494.0     -14.093    88.251
496.0     -14.249    83.389
498.0     -14.377    77.17
500.0     -14.45     69.772
502.0     -14.279    62.015
504.0     -14.37     54.477
506.0     -14.581    47.602
508.0     -14.802    41.796
510.0     -15.162    37.06
512.0     -15.159    33.357
514.0     -15.146    30.484
516.0     -15.201    28.427
518.0     -15.033    27.002
520.0     -14.867    25.96
522.0     -14.784    25.31
524.0     -14.446    24.842
526.0     -14.226    24.501
528.0     -12.987    24.983
530.0     -12.653    24.945
532.0     -12.204    25.076
534.0     -11.036    25.554
536.0     -9.996     25.874
538.0     -5.546     27.706
540.0     2.021      30.866
542.0     12.738     35.016
544.0     24.46      38.736
546.0     31.41      38.905
548.0     30.644     34.496
550.0     31.19      36.476
552.0     33.986     45.155
554.0     32.442     52.15
556.0     26.599     55.707
558.0     20.585     58.078
560.0     17.966     62.222
562.0     15.739     65.098
564.0     11.021     64.03
566.0     5.481      61.236
568.0     0.624      58.656
570.0     -2.932     57.212
572.0     -5.374     56.937
574.0     -7.1       57.396
576.0     -8.184     58.424
578.0     -9.139     59.678
580.0     -9.859     61.119
582.0     -10.491    62.66
584.0     -11.118    64.273
586.0     -11.473    65.95
588.0     -11.915    67.626
590.0     -11.981    69.422
592.0     -12.198    71.097
594.0     -12.527    72.751
596.0     -12.57     74.368
598.0     -12.839    75.925
600.0     -12.979    77.493
602.0     -13.165    79.004
604.0     -13.309    80.447
606.0     -13.388    81.815
608.0     -13.589    83.109
610.0     -13.635    84.326
612.0     -13.776    85.48
614.0     -13.922    86.517
616.0     -14.032    87.469
618.0     -14.169    88.333
620.0     -14.331    89.142
622.0     -14.447    89.832
624.0     -14.368    90.497
626.0     -14.206    91.11
628.0     -14.096    91.617
630.0     -14.206    92.142
632.0     -14.307    92.56
634.0     -14.493    92.947
636.0     -14.658    93.35
638.0     -14.713    93.649
640.0     -14.954    93.939
642.0     -15.14     94.186
644.0     -15.497    94.379
646.0     -15.466    94.598
648.0     -15.537    94.766
650.0     -15.488    94.913
652.0     -15.213    95.016
654.0     -15.164    95.077
656.0     -15.118    95.123
658.0     -15.112    95.203
660.0     -15.06     95.279
662.0     -15.305    95.309
664.0     -15.469    95.383
666.0     -15.549    95.401
668.0     -15.881    95.392
670.0     -15.848    95.438
672.0     -15.854    95.438
674.0     -15.921    95.413
676.0     -15.689    95.444
678.0     -15.619    95.447
680.0     -15.701    95.474
682.0     -15.717    95.502
684.0     -15.976    95.523
686.0     -15.958    95.578
688.0     -15.744    95.578
690.0     -15.909    95.572
692.0     -15.71     95.52
694.0     -15.866    95.517
696.0     -15.942    95.49
698.0     -15.833    95.569
700.0     -15.756    95.657
702.0     -15.598    95.608
704.0     -15.686    95.538
706.0     -15.811    95.517
708.0     -16.055    95.438
710.0     -16.281    95.45
712.0     -16.379    95.535
714.0     -16.275    95.511
716.0     -16.171    95.578
718.0     -15.994    95.535
720.0     -15.811    95.566
722.0     -15.903    95.633
724.0     -16.153    95.633
726.0     -16.312    95.718
728.0     -16.037    95.657
730.0     -16.269    95.566
732.0     -16.403    95.431
734.0     -16.513    95.468
736.0     -17.105    95.608
738.0     -17.24     95.694
740.0     -17.075    95.798
742.0     -16.977    95.706
744.0     -17.227    95.639
746.0     -17.404    95.596
748.0     -17.551    95.633
750.0     -17.63     95.743
752.0     -17.099    95.718
754.0     -16.678    95.59
756.0     -16.629    95.566
758.0     -16.342    95.444
760.0     -16.026    95.693
762.0     -16.647    95.877
764.0     -16.654    95.737
766.0     -17.667    95.578
768.0     -18.881    95.041
770.0     -17.752    95.163
772.0     -17.795    95.279
774.0     -16.049    95.956
776.0     -14.871    95.694
778.0     -14.865    95.297
780.0     -14.755    95.187
782.0     -15.323    94.778
784.0     -15.794    95.247
786.0     -15.794    95.821
788.0     -15.158    96.408
790.0     -15.928    96.327
792.0     -16.019    96.438
794.0     -15.103    96.359
796.0     -13.157    96.092
798.0     -10.325    96.315
800.0     -7.628     96.501
