         474          14         354           0
         448           8         348           1
         508          12         396           1
         440          18         340           0
         498          18         392           0
         472           9         383           0
         484          11         385           1
         514          11         409           1
         450          10         363           0
         464          18         355           0
         496          14         391           0
         458          10         353           0
         470          10         361           0
         504           9         419           0
         476          22         368           0
         482          13         393           0
         458          12         366           0
         472           9         376           0
         462          15         349           0
         488           7         389           0
         468          13         370           0
         468          16         385           0
         456          10         368           2
         486          14         365           1
         462          11         366           0
         464          12         374           0
         436           8         359           1
         442           7         363           0
         434          11         336           0
         472          11         382           0
         474          15         368           0
         466           8         378           1
         424           4         350           0
         466           8         369           0
         470           9         359           1
         508          15         416           0
         466          14         358           0
         450          13         364           0
         474          15         385           0
         500          18         385           1
         434          13         358           0
         500           7         400           0
         488          14         372           0
         458          13         375           0
         462          15         362           1
         442          13         345           0
         484          11         386           1
         468          10         370           1
         480          15         373           2
         506          14         400           0
         456          15         363           0
         450          11         372           0
         462          13         352           0
         456          14         342           0
         454           9         373           0
         452          15         355           1
         498          21         389           0
         506          14         395           1
         468           8         380           0
         474          13         382           0
         482          13         384           0
         492          15         394           0
         446          19         352           0
         462          17         373           0
         464          10         359           0
         462          10         370           0
         462          17         367           0
         456          16         357           0
         408          19         305           0
         488          15         385           0
         492          15         386           0
         466          12         370           0
         458           8         365           1
         434          15         331           0
         464          13         381           0
         478          19         372           1
         448          13         357           0
         482          17         379           0
         466           9         365           1
         462          12         348           0
         482           8         393           0
         472          15         370           0
         472          10         387           0
         484          13         387           0
         470          11         371           0
         452          12         355           0
         454          10         347           0
         470          12         369           0
         464          10         365           0
         466          17         372           1
