2.69984E+1	7.53720E+1	3.37510E+2
2.69984E+1	7.53680E+1	4.36770E+2
2.69968E+1	7.53510E+1	8.93510E+1
2.69872E+1	7.53300E+1	-6.94820E+1
2.69776E+1	7.53010E+1	1.68753E+2
2.69680E+1	7.52790E+1	1.98520E+1
2.69536E+1	7.52530E+1	5.95490E+1
2.69456E+1	7.52290E+1	8.93360E+1
2.69376E+1	7.52050E+1	-1.09196E+2
2.69280E+1	7.51800E+1	4.96330E+1
2.69168E+1	7.51560E+1	-1.00000E-3
2.69056E+1	7.51290E+1	-4.96260E+1
2.68944E+1	7.51060E+1	4.00000E-3
2.68880E+1	7.50790E+1	-1.19108E+2
2.68784E+1	7.50530E+1	7.94190E+1
2.68720E+1	7.50310E+1	1.38980E+2
2.68576E+1	7.50040E+1	-9.93300E+0
2.68448E+1	7.49780E+1	7.94030E+1
2.68368E+1	7.49510E+1	-4.96250E+1
2.68288E+1	7.49270E+1	-1.09188E+2
2.68208E+1	7.49010E+1	-3.97020E+1
2.68128E+1	7.48810E+1	1.09206E+2
2.67968E+1	7.48520E+1	9.92100E+0
2.67872E+1	7.48260E+1	-2.97790E+1
2.67792E+1	7.48030E+1	2.97820E+1
2.67712E+1	7.47770E+1	1.38974E+2
2.67632E+1	7.47510E+1	1.29046E+2
2.67520E+1	7.47260E+1	1.29038E+2
2.67376E+1	7.47000E+1	1.68749E+2
2.67280E+1	7.46760E+1	4.96240E+1
2.67184E+1	7.46500E+1	2.97800E+1
2.67040E+1	7.46250E+1	5.95650E+1
2.66944E+1	7.45970E+1	-9.92600E+1
2.66880E+1	7.45760E+1	-6.94820E+1
2.66768E+1	7.45530E+1	1.19112E+2
2.66672E+1	7.45250E+1	1.98540E+1
2.66544E+1	7.44990E+1	1.68731E+2
2.66432E+1	7.44740E+1	7.94260E+1
2.66352E+1	7.44510E+1	3.97060E+1
2.66272E+1	7.44260E+1	-1.19115E+2
2.66192E+1	7.43960E+1	-4.96150E+1
2.66048E+1	7.43710E+1	-8.93420E+1
2.65920E+1	7.43500E+1	7.94150E+1
2.65840E+1	7.43210E+1	3.97190E+1
2.65776E+1	7.42960E+1	1.29047E+2
2.65696E+1	7.42670E+1	5.95540E+1
2.65600E+1	7.42460E+1	1.98540E+1
2.65440E+1	7.42200E+1	1.98500E+1
2.65344E+1	7.41940E+1	1.48895E+2
2.65248E+1	7.41720E+1	7.94060E+1
2.65184E+1	7.41480E+1	7.94100E+1
2.65088E+1	7.41160E+1	4.00000E-3
2.64960E+1	7.40910E+1	3.96990E+1
2.64864E+1	7.40700E+1	-3.97020E+1
2.64752E+1	7.40430E+1	2.97804E+2
2.64672E+1	7.40170E+1	1.19111E+2
2.64576E+1	7.39920E+1	1.19122E+2
2.64496E+1	7.39690E+1	1.19114E+2
2.64368E+1	7.39400E+1	-1.98510E+1
2.64272E+1	7.39140E+1	9.92610E+1
2.64176E+1	7.38900E+1	7.94080E+1
2.64096E+1	7.38670E+1	1.98580E+1
2.63984E+1	7.38430E+1	2.48144E+2
2.63856E+1	7.38170E+1	2.97720E+1
2.63776E+1	7.37890E+1	2.97860E+1
2.63712E+1	7.37600E+1	8.93350E+1
2.63632E+1	7.37380E+1	7.94270E+1
2.63552E+1	7.37100E+1	5.95710E+1
2.63392E+1	7.36880E+1	-9.92500E+0
2.63296E+1	7.36630E+1	-8.93480E+1
2.63184E+1	7.36360E+1	5.95770E+1
2.63056E+1	7.36110E+1	-6.94880E+1
2.62944E+1	7.35860E+1	4.96260E+1
2.62864E+1	7.35630E+1	-9.92610E+1
2.62768E+1	7.35340E+1	6.94870E+1
2.62672E+1	7.35110E+1	-6.00000E-3
2.62576E+1	7.34880E+1	-5.95530E+1
2.62448E+1	7.34610E+1	-5.95550E+1
2.62336E+1	7.34320E+1	-8.93420E+1
2.62256E+1	7.34070E+1	-1.68744E+2
2.62192E+1	7.33830E+1	9.91600E+0
2.62096E+1	7.33570E+1	6.94930E+1
2.61936E+1	7.33310E+1	9.92500E+1
2.61840E+1	7.33020E+1	-1.38973E+2
2.61744E+1	7.32830E+1	-3.96990E+1
2.61680E+1	7.32550E+1	1.00000E-3
2.61600E+1	7.32310E+1	9.92900E+0
2.61488E+1	7.32050E+1	2.68024E+2
2.61344E+1	7.31770E+1	1.48886E+2
2.61248E+1	7.31520E+1	1.00000E-2
2.61168E+1	7.31300E+1	-1.09196E+2
2.61088E+1	7.31070E+1	1.48895E+2
2.60976E+1	7.30780E+1	5.95450E+1
2.60848E+1	7.30500E+1	1.19120E+2
2.60768E+1	7.30230E+1	1.29047E+2
2.60672E+1	7.30050E+1	1.58831E+2
2.60592E+1	7.29770E+1	9.93100E+0
2.60464E+1	7.29480E+1	1.09198E+2
2.60336E+1	7.29250E+1	-7.94180E+1
2.60256E+1	7.28980E+1	5.95610E+1
2.60160E+1	7.28730E+1	2.18371E+2
2.60096E+1	7.28510E+1	1.38973E+2
2.60016E+1	7.28220E+1	1.29047E+2
2.59888E+1	7.27960E+1	-3.97020E+1
2.59760E+1	7.27720E+1	7.94200E+1
2.59680E+1	7.27430E+1	1.68757E+2
2.59600E+1	7.27210E+1	1.98570E+1
2.59520E+1	7.26930E+1	5.00000E-3
2.59424E+1	7.26720E+1	-1.78665E+2
2.59296E+1	7.26450E+1	-1.98530E+1
2.59200E+1	7.26200E+1	-7.94090E+1
2.59088E+1	7.25910E+1	-2.97790E+1
2.58944E+1	7.25670E+1	-3.97010E+1
2.58832E+1	7.25380E+1	8.93370E+1
2.58736E+1	7.25150E+1	1.19116E+2
2.58672E+1	7.24910E+1	-7.94140E+1
2.58592E+1	7.24640E+1	-1.09189E+2
2.58480E+1	7.24400E+1	6.94780E+1
2.58320E+1	7.24150E+1	5.00000E-3
2.58240E+1	7.23860E+1	-2.97840E+1
2.58160E+1	7.23610E+1	3.97090E+1
2.58080E+1	7.23360E+1	3.97100E+1
2.58000E+1	7.23120E+1	3.96870E+1
2.57856E+1	7.22850E+1	4.96150E+1
2.57728E+1	7.22600E+1	-9.92480E+1
2.57648E+1	7.22360E+1	-6.94820E+1
2.57568E+1	7.22110E+1	-1.09178E+2
2.57472E+1	7.21820E+1	-3.97010E+1
2.57360E+1	7.21570E+1	3.97060E+1
2.57248E+1	7.21310E+1	7.94140E+1
2.57168E+1	7.21090E+1	-9.91600E+0
2.57088E+1	7.20790E+1	1.68751E+2
2.56992E+1	7.20550E+1	-9.92500E+1
2.56864E+1	7.20290E+1	9.92610E+1
2.56720E+1	7.20040E+1	7.94120E+1
2.56656E+1	7.19760E+1	2.98010E+1
2.56576E+1	7.19540E+1	2.97870E+1
2.56496E+1	7.19260E+1	-3.97150E+1
2.56368E+1	7.19060E+1	1.19113E+2
2.56240E+1	7.18790E+1	-1.68745E+2
2.56160E+1	7.18510E+1	-2.08450E+2
2.56064E+1	7.18220E+1	-5.95580E+1
2.56000E+1	7.17990E+1	1.09208E+2
2.55920E+1	7.17740E+1	2.87867E+2
2.55792E+1	7.17510E+1	1.38962E+2
2.55664E+1	7.17240E+1	-7.94230E+1
2.55568E+1	7.16960E+1	-6.94860E+1
2.55504E+1	7.16710E+1	-2.97840E+1
2.55424E+1	7.16490E+1	-4.96240E+1
2.55328E+1	7.16200E+1	1.98380E+1
2.55184E+1	7.15960E+1	-8.93280E+1
2.55104E+1	7.15730E+1	-1.19111E+2
2.54976E+1	7.15440E+1	-7.94120E+1
2.54848E+1	7.15160E+1	9.92660E+1
2.54720E+1	7.14910E+1	-2.28303E+2
2.54640E+1	7.14660E+1	-2.48154E+2
2.54560E+1	7.14400E+1	-5.95760E+1
2.54496E+1	7.14120E+1	7.94150E+1
2.54368E+1	7.13860E+1	-6.94790E+1
2.54224E+1	7.13650E+1	9.94700E+0
2.54128E+1	7.13390E+1	-1.98540E+1
2.54064E+1	7.13120E+1	5.95640E+1
2.53968E+1	7.12900E+1	6.94870E+1
2.53888E+1	7.12590E+1	1.38982E+2
2.53728E+1	7.12380E+1	3.97320E+1
2.53664E+1	7.12100E+1	2.08453E+2
2.53552E+1	7.11840E+1	2.48168E+2
2.53472E+1	7.11560E+1	4.46720E+2
2.53344E+1	7.11320E+1	2.77970E+2
2.53232E+1	7.11090E+1	4.96330E+2
2.53136E+1	7.10800E+1	2.97800E+2
2.53072E+1	7.10550E+1	1.09200E+2
2.52960E+1	7.10270E+1	-9.92300E+1
2.52864E+1	7.10040E+1	2.98000E+1
2.52736E+1	7.09800E+1	-1.38970E+2
2.52624E+1	7.09550E+1	1.78690E+2
2.52560E+1	7.09290E+1	4.96400E+1
2.52480E+1	7.08990E+1	2.28300E+2
2.52400E+1	7.08790E+1	3.97100E+1
2.52304E+1	7.08470E+1	-8.93400E+1
2.52128E+1	7.08240E+1	-3.97000E+1
2.52048E+1	7.08000E+1	2.97700E+1
2.51968E+1	7.07720E+1	1.98520E+2
2.51888E+1	7.07460E+1	2.97700E+1
2.51792E+1	7.07220E+1	1.48900E+2
2.51680E+1	7.06970E+1	6.95000E+1
2.51568E+1	7.06750E+1	1.48920E+2
2.51488E+1	7.06460E+1	4.96300E+1
2.51392E+1	7.06210E+1	-7.94200E+1
2.51312E+1	7.05910E+1	7.94200E+1
2.51216E+1	7.05690E+1	-1.98700E+1
2.51088E+1	7.05410E+1	1.48900E+2
2.50976E+1	7.05160E+1	-2.97700E+1
2.50896E+1	7.04900E+1	5.95600E+1
2.50752E+1	7.04650E+1	1.88590E+2
2.50624E+1	7.04390E+1	6.95000E+1
2.50544E+1	7.04140E+1	-4.96200E+1
2.50464E+1	7.03870E+1	-9.92500E+1
2.50368E+1	7.03650E+1	9.92000E+0
2.50272E+1	7.03370E+1	-3.96800E+1
2.50144E+1	7.03110E+1	-1.29020E+2
2.50064E+1	7.02850E+1	-5.95600E+1
2.49968E+1	7.02620E+1	1.78680E+2
2.49872E+1	7.02350E+1	6.94700E+1
2.49776E+1	7.02110E+1	4.96200E+1
2.49632E+1	7.01850E+1	7.94300E+1
2.49552E+1	7.01590E+1	8.93300E+1
2.49472E+1	7.01310E+1	-9.91000E+0
2.49392E+1	7.01070E+1	3.97400E+1
2.49264E+1	7.00810E+1	-8.93300E+1
2.49136E+1	7.00570E+1	6.94800E+1
2.49040E+1	7.00300E+1	1.58820E+2
2.48960E+1	7.00050E+1	6.94900E+1
2.48896E+1	6.99790E+1	-7.93900E+1
2.48800E+1	6.99550E+1	1.09220E+2
2.48672E+1	6.99270E+1	1.19110E+2
2.48544E+1	6.99010E+1	-1.19100E+2
2.48464E+1	6.98750E+1	4.96100E+1
2.48384E+1	6.98460E+1	1.29020E+2
2.48288E+1	6.98210E+1	1.88610E+2
2.48208E+1	6.97990E+1	-1.29030E+2
2.48048E+1	6.97720E+1	1.58820E+2
2.47968E+1	6.97470E+1	-6.94900E+1
2.47888E+1	6.97200E+1	9.97000E+0
2.47808E+1	6.96920E+1	-3.97100E+1
2.47696E+1	6.96710E+1	1.58800E+2
2.47552E+1	6.96490E+1	1.29040E+2
2.47488E+1	6.96170E+1	1.38960E+2
2.47408E+1	6.95920E+1	1.38990E+2
2.47312E+1	6.95660E+1	3.97200E+1
2.47232E+1	6.95400E+1	7.94000E+1
2.47104E+1	6.95170E+1	3.00000E-2
2.46992E+1	6.94900E+1	-1.58800E+2
2.46896E+1	6.94650E+1	1.58810E+2
2.46784E+1	6.94360E+1	0.00000E+0
2.46672E+1	6.94130E+1	-3.96800E+1
2.46544E+1	6.93830E+1	-8.93300E+1
2.46448E+1	6.93600E+1	-2.97500E+1
2.46368E+1	6.93310E+1	1.98500E+1
2.46272E+1	6.93100E+1	-4.96300E+1
2.46160E+1	6.92820E+1	-1.48850E+2
2.46048E+1	6.92570E+1	1.98500E+1
2.45968E+1	6.92310E+1	-3.97200E+1
2.45872E+1	6.92040E+1	-9.93000E+0
2.45776E+1	6.91830E+1	2.97700E+1
2.45664E+1	6.91560E+1	-3.97000E+1
2.45536E+1	6.91300E+1	9.92600E+1
2.45456E+1	6.90990E+1	-1.98800E+1
2.45392E+1	6.90770E+1	3.87160E+2
2.45296E+1	6.90510E+1	-1.48890E+2
2.45168E+1	6.90260E+1	3.97000E+1
2.45024E+1	6.89970E+1	9.92800E+1
2.44944E+1	6.89730E+1	-4.96200E+1
2.44864E+1	6.89510E+1	4.96100E+1
2.44784E+1	6.89230E+1	1.98300E+1
2.44704E+1	6.88970E+1	1.98600E+1
2.44560E+1	6.88680E+1	4.96400E+1
2.44448E+1	6.88440E+1	9.93000E+0
2.44352E+1	6.88180E+1	-1.98510E+2
2.44288E+1	6.87940E+1	-9.92500E+1
2.44192E+1	6.87690E+1	9.94000E+0
2.44096E+1	6.87400E+1	1.68740E+2
2.43968E+1	6.87130E+1	-3.96700E+1
2.43872E+1	6.86910E+1	-1.00000E-2
2.43776E+1	6.86660E+1	8.93200E+1
2.43712E+1	6.86370E+1	4.96300E+1
2.43584E+1	6.86100E+1	7.93800E+1
2.43472E+1	6.85830E+1	-1.09150E+2
2.43392E+1	6.85600E+1	4.00000E-2
2.43312E+1	6.85340E+1	1.38950E+2
2.43232E+1	6.85070E+1	1.29030E+2
2.43120E+1	6.84820E+1	6.95400E+1
2.43008E+1	6.84510E+1	2.98100E+1
2.42912E+1	6.84320E+1	-9.91000E+0
2.42784E+1	6.84050E+1	1.09200E+2
2.42688E+1	6.83760E+1	7.94000E+1
2.42544E+1	6.83510E+1	1.29030E+2
2.42432E+1	6.83280E+1	1.98500E+1
2.42368E+1	6.83000E+1	1.98500E+1
2.42272E+1	6.82740E+1	-7.93900E+1
2.42176E+1	6.82480E+1	-2.97800E+1
2.42032E+1	6.82200E+1	4.96700E+1
2.41952E+1	6.82000E+1	-5.95500E+1
2.41856E+1	6.81730E+1	6.94900E+1
2.41760E+1	6.81440E+1	1.19090E+2
2.41680E+1	6.81160E+1	1.68740E+2
2.41568E+1	6.80900E+1	-2.97700E+1
2.41440E+1	6.80700E+1	6.95000E+1
2.41360E+1	6.80430E+1	1.98700E+1
2.41280E+1	6.80150E+1	-1.29050E+2
2.41200E+1	6.79890E+1	3.96900E+1
2.41056E+1	6.79650E+1	8.93100E+1
2.40928E+1	6.79370E+1	1.98500E+1
2.40848E+1	6.79160E+1	-1.98510E+2
2.40768E+1	6.78890E+1	8.93400E+1
2.40704E+1	6.78610E+1	1.58840E+2
2.40608E+1	6.78300E+1	3.97100E+1
2.40448E+1	6.78100E+1	-1.09190E+2
2.40352E+1	6.77840E+1	3.96900E+1
2.40272E+1	6.77560E+1	-5.95600E+1
2.40176E+1	6.77260E+1	1.09170E+2
2.40112E+1	6.77090E+1	-3.96900E+1
2.39968E+1	6.76800E+1	4.96200E+1
2.39856E+1	6.76550E+1	6.94800E+1
2.39760E+1	6.76270E+1	4.96200E+1
2.39680E+1	6.76050E+1	5.45970E+2
2.39616E+1	6.75760E+1	9.72810E+2
2.39488E+1	6.75480E+1	9.52970E+2
2.39376E+1	6.75260E+1	8.23950E+2
2.39280E+1	6.74960E+1	8.53740E+2
2.39200E+1	6.74730E+1	8.63630E+2
2.39120E+1	6.74470E+1	7.34580E+2
2.39008E+1	6.74190E+1	2.48190E+2
2.38880E+1	6.73980E+1	1.78690E+2
2.38784E+1	6.73660E+1	9.92600E+1
2.38704E+1	6.73420E+1	3.77180E+2
2.38592E+1	6.73160E+1	2.68020E+2
2.38448E+1	6.72880E+1	4.96300E+1
2.38336E+1	6.72630E+1	-1.88510E+2
2.38256E+1	6.72410E+1	1.38950E+2
2.38176E+1	6.72130E+1	-9.90000E+0
2.38080E+1	6.71910E+1	7.93800E+1
2.37936E+1	6.71620E+1	-4.96300E+1
2.37856E+1	6.71360E+1	1.98400E+1
2.37760E+1	6.71090E+1	-2.18370E+2
2.37664E+1	6.70870E+1	-8.93300E+1
2.37584E+1	6.70610E+1	1.38940E+2
2.37440E+1	6.70330E+1	2.58050E+2
2.37344E+1	6.70030E+1	-4.96700E+1
2.37264E+1	6.69790E+1	-1.98600E+1
2.37200E+1	6.69550E+1	9.92400E+1
2.37088E+1	6.69280E+1	1.48930E+2
2.36960E+1	6.69050E+1	1.19090E+2
2.36832E+1	6.68770E+1	-8.93400E+1
2.36768E+1	6.68500E+1	-9.89000E+0
2.36672E+1	6.68250E+1	9.93100E+1
2.36592E+1	6.67960E+1	7.93800E+1
2.36480E+1	6.67700E+1	9.92500E+1
2.36336E+1	6.67460E+1	4.96500E+1
2.36240E+1	6.67210E+1	-1.98460E+2
2.36176E+1	6.66900E+1	9.93000E+0
2.36096E+1	6.66680E+1	2.77870E+2
2.35984E+1	6.66430E+1	-3.96800E+1
2.35856E+1	6.66160E+1	-3.96900E+1
2.35760E+1	6.65900E+1	5.95500E+1
2.35696E+1	6.65660E+1	4.00000E-2
2.35600E+1	6.65360E+1	3.47420E+2
2.35504E+1	6.65100E+1	2.18360E+2
2.35376E+1	6.64830E+1	1.19070E+2
2.35264E+1	6.64610E+1	-1.98300E+1
2.35184E+1	6.64340E+1	7.94400E+1
2.35104E+1	6.64090E+1	-8.93200E+1
2.35024E+1	6.63810E+1	5.95300E+1
2.34944E+1	6.63560E+1	7.93600E+1
2.34784E+1	6.63280E+1	2.98100E+1
2.34688E+1	6.63030E+1	2.38220E+2
2.34576E+1	6.62780E+1	8.93700E+1
2.34448E+1	6.62520E+1	1.39000E+2
2.34336E+1	6.62280E+1	-4.95900E+1
2.34256E+1	6.62030E+1	-5.95600E+1
2.34176E+1	6.61770E+1	-2.58060E+2
2.34096E+1	6.61440E+1	2.98100E+1
2.33952E+1	6.61190E+1	-7.94300E+1
2.33824E+1	6.60970E+1	5.95400E+1
2.33744E+1	6.60720E+1	8.93400E+1
2.33664E+1	6.60430E+1	3.96800E+1
2.33584E+1	6.60180E+1	2.28320E+2
2.33520E+1	6.59940E+1	8.92800E+1
2.33328E+1	6.59630E+1	-1.98500E+1
2.33232E+1	6.59410E+1	6.94900E+1
2.33152E+1	6.59170E+1	-6.94900E+1
2.33072E+1	6.58870E+1	1.78670E+2
2.32976E+1	6.58620E+1	1.58760E+2
2.32848E+1	6.58340E+1	3.96800E+1
2.32752E+1	6.58080E+1	-9.87000E+0
2.32656E+1	6.57840E+1	1.29030E+2
2.32576E+1	6.57600E+1	3.07690E+2
2.32480E+1	6.57330E+1	2.00000E-2
2.32368E+1	6.57050E+1	-2.08440E+2
2.32240E+1	6.56800E+1	-2.97800E+1
2.32160E+1	6.56510E+1	2.68000E+2
2.32080E+1	6.56280E+1	7.93900E+1
2.32016E+1	6.56030E+1	2.38230E+2
2.31888E+1	6.55760E+1	3.07740E+2
2.31744E+1	6.55460E+1	1.48910E+2
2.31664E+1	6.55220E+1	5.95900E+1
2.31568E+1	6.54990E+1	-2.67980E+2
2.31488E+1	6.54720E+1	8.93000E+1
2.31424E+1	6.54440E+1	-1.48830E+2
2.31280E+1	6.54190E+1	-1.19110E+2
2.31168E+1	6.53900E+1	1.29060E+2
2.31088E+1	6.53660E+1	-1.38910E+2
2.31024E+1	6.53420E+1	-5.95500E+1
2.30928E+1	6.53150E+1	1.78650E+2
2.30832E+1	6.52900E+1	5.95800E+1
2.30688E+1	6.52620E+1	-4.95900E+1
2.30592E+1	6.52330E+1	4.96500E+1
2.30464E+1	6.52110E+1	1.98600E+1
2.30352E+1	6.51860E+1	-1.29030E+2
2.30240E+1	6.51560E+1	1.09190E+2
2.30144E+1	6.51320E+1	-1.98300E+1
2.30080E+1	6.51060E+1	9.92600E+1
2.30000E+1	6.50790E+1	1.98500E+2
2.29888E+1	6.50540E+1	-5.96000E+1
2.29728E+1	6.50280E+1	1.98510E+2
2.29632E+1	6.50000E+1	1.98530E+2
2.29552E+1	6.49740E+1	-1.58830E+2
2.29472E+1	6.49560E+1	-7.93800E+1
2.29376E+1	6.49260E+1	-9.87000E+0
2.29248E+1	6.48990E+1	2.97750E+2
2.29152E+1	6.48700E+1	1.38970E+2
2.29056E+1	6.48450E+1	1.78670E+2
2.28976E+1	6.48230E+1	1.98500E+1
2.28864E+1	6.47930E+1	1.78660E+2
2.28736E+1	6.47650E+1	2.38200E+2
2.28656E+1	6.47400E+1	2.98100E+1
2.28576E+1	6.47180E+1	1.19060E+2
2.28480E+1	6.46910E+1	6.94500E+1
2.28384E+1	6.46650E+1	1.68720E+2
2.28240E+1	6.46440E+1	1.78680E+2
2.28144E+1	6.46110E+1	-1.09190E+2
2.28064E+1	6.45850E+1	-5.95700E+1
2.27984E+1	6.45630E+1	1.38940E+2
2.27888E+1	6.45350E+1	-1.00000E-2
1.28000E-2	6.45070E+1	1.28990E+2
2.27632E+1	6.44850E+1	3.97200E+1
2.27552E+1	6.44550E+1	1.88610E+2
2.27488E+1	6.44270E+1	2.28290E+2
2.27392E+1	6.44020E+1	2.87890E+2
2.27328E+1	6.43790E+1	3.17590E+2
2.27168E+1	6.43540E+1	2.08490E+2
2.27072E+1	6.43250E+1	1.09190E+2
2.26992E+1	6.43000E+1	1.68790E+2
2.26912E+1	6.42730E+1	2.97800E+2
2.26832E+1	6.42460E+1	1.29040E+2
2.26720E+1	6.42210E+1	2.28260E+2
2.26592E+1	6.41930E+1	9.92800E+1
2.26512E+1	6.41680E+1	-1.19090E+2
2.26400E+1	6.41390E+1	-7.94000E+1
2.26240E+1	6.41130E+1	1.28990E+2
2.26144E+1	6.40910E+1	-1.98500E+2
2.26048E+1	6.40640E+1	-2.97800E+1
2.25968E+1	6.40350E+1	1.98510E+2
2.25888E+1	6.40130E+1	1.09200E+2
2.25760E+1	6.39840E+1	1.19160E+2
2.25648E+1	6.39620E+1	-1.98300E+1
2.25568E+1	6.39340E+1	9.97000E+0
2.25472E+1	6.39090E+1	9.90000E+0
2.25376E+1	6.38790E+1	1.88610E+2
2.25264E+1	6.38550E+1	2.58010E+2
2.25120E+1	6.38260E+1	1.48900E+2
2.25040E+1	6.38090E+1	1.99100E+1
2.24976E+1	6.37760E+1	1.09240E+2
2.24896E+1	6.37510E+1	2.48170E+2
2.24800E+1	6.37220E+1	2.38210E+2
2.24656E+1	6.37040E+1	-1.68750E+2
2.24560E+1	6.36700E+1	9.96000E+0
2.24464E+1	6.36470E+1	-2.97600E+1
2.24384E+1	6.36240E+1	4.95900E+1
2.24288E+1	6.35970E+1	2.18360E+2
2.24160E+1	6.35700E+1	2.18400E+2
2.24064E+1	6.35440E+1	3.97000E+1
2.23968E+1	6.35170E+1	-2.97900E+1
2.23872E+1	6.34900E+1	2.08420E+2
2.23776E+1	6.34650E+1	1.09160E+2
2.23680E+1	6.34380E+1	9.91000E+0
2.23536E+1	6.34110E+1	1.09150E+2
2.23456E+1	6.33840E+1	1.98800E+1
2.23392E+1	6.33580E+1	-3.97200E+1
2.23312E+1	6.33330E+1	2.97500E+1
2.23232E+1	6.33070E+1	-9.95000E+0
2.23072E+1	6.32750E+1	1.09220E+2
1.28000E-2	6.32560E+1	6.95100E+1
2.22880E+1	6.32290E+1	-7.93800E+1
2.22816E+1	6.32000E+1	7.93900E+1
2.22736E+1	6.31750E+1	1.98000E+1
2.22624E+1	6.31520E+1	5.95500E+1
2.22496E+1	6.31270E+1	5.95000E+1
2.22384E+1	6.30990E+1	6.94300E+1
2.22288E+1	6.30700E+1	6.95300E+1
2.22128E+1	6.30460E+1	1.88540E+2
2.22048E+1	6.30200E+1	2.48100E+2
2.21968E+1	6.29980E+1	-2.97500E+1
2.21888E+1	6.29700E+1	1.88600E+2
2.21808E+1	6.29410E+1	2.97780E+2
2.21648E+1	6.29150E+1	-1.98700E+1
2.21536E+1	6.28860E+1	-1.58800E+2
2.21456E+1	6.28600E+1	9.95000E+0
2.21376E+1	6.28360E+1	-1.98600E+1
2.21296E+1	6.28140E+1	1.78720E+2
2.21168E+1	6.27860E+1	8.93300E+1
2.21040E+1	6.27570E+1	9.96000E+0
2.20960E+1	6.27320E+1	1.98900E+1
2.20880E+1	6.27090E+1	1.48890E+2
2.20784E+1	6.26770E+1	5.95700E+1
2.20656E+1	6.26520E+1	2.08400E+2
2.20544E+1	6.26280E+1	6.94500E+1
2.20464E+1	6.26010E+1	-9.91000E+0
2.20384E+1	6.25740E+1	-9.92800E+1
2.20288E+1	6.25480E+1	-6.94600E+1
2.20192E+1	6.25230E+1	1.98480E+2
2.20048E+1	6.24940E+1	4.96800E+1
2.19952E+1	6.24650E+1	-8.92900E+1
2.19872E+1	6.24460E+1	-2.97300E+1
2.19808E+1	6.24180E+1	1.98300E+1
2.19712E+1	6.23900E+1	-9.94000E+0
2.19584E+1	6.23650E+1	-6.94800E+1
2.19456E+1	6.23380E+1	7.93500E+1
2.19360E+1	6.23100E+1	2.97900E+1
2.19296E+1	6.22900E+1	1.19120E+2
2.19200E+1	6.22600E+1	-8.93600E+1
2.19120E+1	6.22340E+1	1.98700E+1
2.18976E+1	6.22090E+1	8.93400E+1
2.18912E+1	6.21810E+1	-5.95100E+1
2.18800E+1	6.21590E+1	-1.68730E+2
2.18720E+1	6.21330E+1	7.94200E+1
2.18608E+1	6.21050E+1	-6.94800E+1
2.18512E+1	6.20760E+1	-9.96000E+0
2.18400E+1	6.20500E+1	-2.97100E+1
2.18304E+1	6.20230E+1	3.97000E+1
2.18176E+1	6.20000E+1	1.88580E+2
2.18032E+1	6.19760E+1	1.29030E+2
2.17936E+1	6.19460E+1	0.00000E+0
2.17872E+1	6.19180E+1	9.87000E+0
2.17792E+1	6.18890E+1	1.38950E+2
2.17680E+1	6.18640E+1	5.95000E+1
2.17536E+1	6.18420E+1	-9.92300E+1
2.17456E+1	6.18160E+1	2.58060E+2
2.17360E+1	6.17870E+1	-8.93300E+1
2.17280E+1	6.17660E+1	1.29040E+2
2.17200E+1	6.17350E+1	7.94200E+1
2.17056E+1	6.17050E+1	2.38230E+2
2.16960E+1	6.16830E+1	2.67990E+2
2.16880E+1	6.16560E+1	9.92900E+1
2.16784E+1	6.16300E+1	2.18390E+2
2.16672E+1	6.16050E+1	3.47420E+2
2.16560E+1	6.15780E+1	1.38970E+2
2.16448E+1	6.15500E+1	-5.95200E+1
2.16352E+1	6.15250E+1	1.48890E+2
2.16288E+1	6.14960E+1	2.08420E+2
2.16192E+1	6.14720E+1	-3.97300E+1
2.16080E+1	6.14490E+1	4.00000E-2
2.15936E+1	6.14210E+1	8.93600E+1
2.15856E+1	6.13920E+1	-1.98100E+1
2.15776E+1	6.13680E+1	1.48960E+2
2.15696E+1	6.13420E+1	7.93800E+1
2.15616E+1	6.13140E+1	0.00000E+0
2.15472E+1	6.12930E+1	-7.94100E+1
2.15360E+1	6.12630E+1	-7.93900E+1
2.15280E+1	6.12370E+1	-6.94300E+1
2.15200E+1	6.12110E+1	-1.88500E+2
2.15120E+1	6.11860E+1	-6.94400E+1
2.14992E+1	6.11580E+1	9.92300E+1
2.14880E+1	6.11360E+1	1.98900E+1
2.14800E+1	6.11070E+1	1.98800E+1
2.14704E+1	6.10760E+1	-6.94700E+1
2.14624E+1	6.10540E+1	7.94600E+1
2.14512E+1	6.10260E+1	-1.78690E+2
2.14384E+1	6.10040E+1	4.96900E+1
2.14288E+1	6.09750E+1	1.09170E+2
2.14192E+1	6.09490E+1	-2.00000E-2
2.14080E+1	6.09230E+1	-1.98540E+2
2.13936E+1	6.08960E+1	-3.00000E-2
2.13840E+1	6.08690E+1	-4.95900E+1
2.13776E+1	6.08420E+1	-1.48870E+2
2.13680E+1	6.08200E+1	-2.98100E+1
2.13584E+1	6.07920E+1	-1.09180E+2
2.13440E+1	6.07650E+1	-2.18420E+2
2.13360E+1	6.07370E+1	1.38970E+2
2.13264E+1	6.07110E+1	-1.88570E+2
2.13168E+1	6.06880E+1	7.94300E+1
2.13056E+1	6.06620E+1	1.38960E+2
2.12944E+1	6.06340E+1	6.94500E+1
2.12848E+1	6.06070E+1	-2.00000E-2
2.12768E+1	6.05850E+1	-5.95500E+1
2.12688E+1	6.05540E+1	-9.90000E+0
2.12592E+1	6.05270E+1	-1.88590E+2
2.12464E+1	6.05020E+1	6.94000E+1
2.12336E+1	6.04750E+1	-7.93900E+1
2.12256E+1	6.04520E+1	1.68740E+2
2.12176E+1	6.04240E+1	1.68730E+2
2.12096E+1	6.03960E+1	4.00000E-2
2.12000E+1	6.03700E+1	6.94600E+1
2.11856E+1	6.03480E+1	4.96600E+1
2.11760E+1	6.03200E+1	-1.19080E+2
2.11664E+1	6.02930E+1	-6.94900E+1
2.11584E+1	6.02650E+1	9.93000E+1
2.11488E+1	6.02360E+1	-3.96300E+1
2.11360E+1	6.02140E+1	6.94700E+1
2.11280E+1	6.01890E+1	-7.94200E+1
2.11200E+1	6.01610E+1	-8.93300E+1
2.11088E+1	6.01360E+1	-7.93400E+1
2.10992E+1	6.01070E+1	-8.93000E+1
2.10880E+1	6.00810E+1	8.93700E+1
2.10768E+1	6.00570E+1	5.96000E+1
2.10688E+1	6.00290E+1	-1.68780E+2
2.10624E+1	6.00030E+1	-3.96900E+1
2.10544E+1	5.99770E+1	-9.88000E+0
2.10416E+1	5.99480E+1	2.97830E+2
2.10288E+1	5.99230E+1	2.08410E+2
2.10192E+1	5.98950E+1	3.17700E+2
2.10096E+1	5.98720E+1	-1.98500E+1
2.09952E+1	5.98430E+1	9.91000E+0
2.09856E+1	5.98180E+1	-9.92500E+1
2.09760E+1	5.97930E+1	5.95400E+1
2.09680E+1	5.97660E+1	-4.95600E+1
2.09584E+1	5.97390E+1	1.09210E+2
2.09456E+1	5.97110E+1	8.93100E+1
2.09328E+1	5.96850E+1	8.93600E+1
2.09248E+1	5.96640E+1	1.58790E+2
2.09184E+1	5.96370E+1	2.77880E+2
2.09088E+1	5.96110E+1	-6.94700E+1
2.08976E+1	5.95820E+1	2.67990E+2
2.08832E+1	5.95520E+1	-2.97300E+1
2.08736E+1	5.95300E+1	-4.96500E+1
2.08656E+1	5.95050E+1	9.91400E+1
2.08576E+1	5.94780E+1	7.94300E+1
2.08496E+1	5.94510E+1	-1.58760E+2
2.08336E+1	5.94270E+1	3.97000E+1
2.08240E+1	5.93970E+1	1.99000E+1
2.08160E+1	5.93720E+1	6.95100E+1
2.08080E+1	5.93420E+1	3.07750E+2
2.07984E+1	5.93170E+1	8.63690E+2
2.07856E+1	5.92920E+1	1.19117E+3
2.07744E+1	5.92640E+1	1.11183E+3
2.07664E+1	5.92380E+1	1.45927E+3
2.07584E+1	5.92110E+1	1.19123E+3
2.07488E+1	5.91900E+1	6.35250E+2
2.07376E+1	5.91610E+1	1.29050E+2
2.07248E+1	5.91340E+1	3.98100E+1
2.07168E+1	5.91070E+1	-1.09190E+2
2.07088E+1	5.90780E+1	9.91800E+1
2.06992E+1	5.90550E+1	-1.68700E+2
2.06896E+1	5.90280E+1	3.47340E+2
2.06768E+1	5.89980E+1	9.95000E+0
2.06672E+1	5.89780E+1	-1.58770E+2
2.06592E+1	5.89470E+1	1.48910E+2
2.06528E+1	5.89220E+1	2.08430E+2
2.06448E+1	5.89000E+1	1.29110E+2
2.06320E+1	5.88730E+1	6.94900E+1
2.06192E+1	5.88440E+1	-7.94500E+1
2.06080E+1	5.88170E+1	9.96000E+0
2.05984E+1	5.87900E+1	1.98000E+1
2.05840E+1	5.87650E+1	6.94600E+1
2.05744E+1	5.87430E+1	-1.09140E+2
2.05664E+1	5.87170E+1	8.94100E+1
2.05584E+1	5.86880E+1	1.88680E+2
2.05456E+1	5.86610E+1	4.96400E+1
2.05328E+1	5.86350E+1	-7.93600E+1
2.05232E+1	5.86090E+1	1.28990E+2
2.05152E+1	5.85840E+1	1.38920E+2
2.05072E+1	5.85520E+1	1.09170E+2
2.05008E+1	5.85250E+1	5.95900E+1
2.04864E+1	5.85010E+1	4.97200E+1
2.04736E+1	5.84770E+1	1.29190E+2
2.04640E+1	5.84470E+1	3.67190E+2
2.04560E+1	5.84220E+1	1.48910E+2
2.04480E+1	5.83940E+1	1.99000E+1
2.04384E+1	5.83720E+1	1.48930E+2
2.04240E+1	5.83430E+1	7.93800E+1
2.04144E+1	5.83190E+1	2.38260E+2
2.04064E+1	5.82920E+1	9.93300E+1
2.03968E+1	5.82650E+1	-3.00000E-2
2.03888E+1	5.82380E+1	7.94300E+1
2.03744E+1	5.82150E+1	-6.95200E+1
2.03648E+1	5.81870E+1	-3.96800E+1
2.03584E+1	5.81600E+1	-1.29050E+2
2.03488E+1	5.81340E+1	-5.95300E+1
2.03408E+1	5.81040E+1	-5.00000E-2
2.03264E+1	5.80800E+1	1.98000E+1
2.03136E+1	5.80590E+1	3.96900E+1
2.03056E+1	5.80310E+1	8.93500E+1
2.02992E+1	5.80000E+1	8.93200E+1
2.02928E+1	5.79770E+1	4.96900E+1
2.02816E+1	5.79480E+1	-2.97700E+1
2.02656E+1	5.79230E+1	2.87870E+2
2.02576E+1	5.78940E+1	1.19140E+2
2.02480E+1	5.78720E+1	3.97800E+1
2.02416E+1	5.78440E+1	1.78650E+2
2.02336E+1	5.78140E+1	1.09280E+2
2.02208E+1	5.77930E+1	4.96900E+1
2.02096E+1	5.77640E+1	7.93700E+1
2.02000E+1	5.77350E+1	2.97760E+2
2.01888E+1	5.77100E+1	-1.39010E+2
2.01728E+1	5.76810E+1	5.95800E+1
2.01648E+1	5.76590E+1	1.68740E+2
2.01552E+1	5.76300E+1	1.68710E+2
2.01472E+1	5.76040E+1	2.08480E+2
2.01360E+1	5.75760E+1	-5.95200E+1
2.01248E+1	5.75550E+1	-1.19020E+2
2.01136E+1	5.75290E+1	2.97500E+1
2.01072E+1	5.75010E+1	1.38910E+2
2.00976E+1	5.74720E+1	1.19090E+2
2.00880E+1	5.74470E+1	1.58740E+2
2.00752E+1	5.74210E+1	-3.00000E-2
2.00640E+1	5.73920E+1	-3.00000E-2
2.00560E+1	5.73700E+1	-8.93000E+1
2.00464E+1	5.73420E+1	4.96000E+1
2.00384E+1	5.73210E+1	9.93000E+0
2.00256E+1	5.72920E+1	9.89000E+0
2.00128E+1	5.72620E+1	3.07700E+2
2.00032E+1	5.72380E+1	8.94300E+1
1.99968E+1	5.72170E+1	2.87910E+2
1.99888E+1	5.71890E+1	1.24093E+3
1.99824E+1	5.71590E+1	2.94825E+3
1.99632E+1	5.71300E+1	3.57355E+3
1.99552E+1	5.71050E+1	2.09445E+3
1.99456E+1	5.70770E+1	2.14416E+3
1.99376E+1	5.70520E+1	1.78675E+3
1.99296E+1	5.70270E+1	1.00267E+3
1.99168E+1	5.69970E+1	5.85650E+2
1.99056E+1	5.69740E+1	3.67120E+2
1.98976E+1	5.69460E+1	-2.97000E+1
1.98880E+1	5.69170E+1	1.09230E+2
1.98800E+1	5.68910E+1	-9.93000E+0
1.98704E+1	5.68680E+1	-1.19070E+2
1.98576E+1	5.68470E+1	1.00000E-2
1.98496E+1	5.68200E+1	-1.68720E+2
1.98416E+1	5.67920E+1	-4.95600E+1
1.98336E+1	5.67660E+1	0.00000E+0
1.98256E+1	5.67350E+1	4.97100E+1
1.98080E+1	5.67120E+1	6.94000E+1
1.97984E+1	5.66810E+1	-3.97000E+1
1.97888E+1	5.66590E+1	1.98200E+1
1.97792E+1	5.66290E+1	-9.91700E+1
1.97648E+1	5.66050E+1	-3.96200E+1
1.97552E+1	5.65740E+1	1.98400E+1
1.97472E+1	5.65510E+1	-6.95000E+1
1.97392E+1	5.65240E+1	3.96600E+1
1.97296E+1	5.64960E+1	1.19190E+2
1.97136E+1	5.64710E+1	-9.93000E+0
1.97056E+1	5.64450E+1	1.98800E+1
1.96976E+1	5.64170E+1	-9.93000E+1
1.96896E+1	5.63910E+1	2.38030E+2
1.96784E+1	5.63660E+1	6.94900E+1
1.96640E+1	5.63390E+1	2.97800E+1
1.96528E+1	5.63090E+1	2.96900E+1
1.96464E+1	5.62850E+1	-1.09200E+2
1.96384E+1	5.62560E+1	-5.95600E+1
1.96288E+1	5.62370E+1	1.48710E+2
1.96176E+1	5.62040E+1	-1.98200E+1
1.96032E+1	5.61830E+1	1.18980E+2
1.95952E+1	5.61540E+1	-2.98000E+1
1.95856E+1	5.61290E+1	2.98200E+1
1.95792E+1	5.61050E+1	-3.97100E+1
1.95696E+1	5.60750E+1	1.98520E+2
1.95552E+1	5.60500E+1	4.96600E+1
1.95472E+1	5.60240E+1	-7.93600E+1
1.95376E+1	5.59990E+1	9.96000E+0
1.95296E+1	5.59660E+1	-2.97000E+1
1.95200E+1	5.59410E+1	9.91700E+1
1.95056E+1	5.59140E+1	-1.99400E+1
1.94960E+1	5.58910E+1	-1.29070E+2
1.94880E+1	5.58630E+1	-1.19070E+2
1.94816E+1	5.58330E+1	4.96700E+1
1.94720E+1	5.58090E+1	2.18330E+2
1.94592E+1	5.57850E+1	-1.28940E+2
1.94464E+1	5.57590E+1	-1.58820E+2
1.94400E+1	5.57310E+1	-9.92300E+1
1.94304E+1	5.57050E+1	-1.19060E+2
1.94240E+1	5.56780E+1	1.78620E+2
1.94144E+1	5.56530E+1	-3.97800E+1
1.93984E+1	5.56260E+1	1.78520E+2
1.93872E+1	5.56000E+1	1.19030E+2
1.93792E+1	5.55740E+1	4.96500E+1
1.93680E+1	5.55430E+1	-6.93900E+1
1.93552E+1	5.55200E+1	1.98500E+1
1.93456E+1	5.54950E+1	7.94000E+1
1.93376E+1	5.54680E+1	1.78700E+2
1.93280E+1	5.54420E+1	9.97000E+0
1.93168E+1	5.54160E+1	2.28340E+2
1.93040E+1	5.53890E+1	-1.19100E+2
1.92944E+1	5.53630E+1	5.95400E+1
1.92864E+1	5.53330E+1	3.96000E+1
1.92784E+1	5.53120E+1	2.97600E+1
1.92672E+1	5.52810E+1	1.29110E+2
1.92528E+1	5.52580E+1	1.09193E+3
1.92432E+1	5.52290E+1	4.10956E+3
1.92352E+1	5.52020E+1	3.52394E+3
1.92272E+1	5.51720E+1	3.66310E+3
1.92208E+1	5.51500E+1	4.05990E+3
1.92064E+1	5.51260E+1	3.53390E+3
1.91952E+1	5.50990E+1	3.08720E+3
1.91856E+1	5.50740E+1	1.51870E+3
1.91776E+1	5.50460E+1	6.84900E+2
1.91696E+1	5.50180E+1	9.92000E+1
1.91568E+1	5.49910E+1	-1.99000E+1
1.91456E+1	5.49640E+1	-2.08400E+2
1.91360E+1	5.49350E+1	-6.94000E+1
1.91280E+1	5.49120E+1	6.94000E+1
1.91200E+1	5.48840E+1	1.00000E+1
1.91088E+1	5.48560E+1	1.48900E+2
1.90944E+1	5.48330E+1	-7.93000E+1
1.90864E+1	5.48050E+1	-6.94000E+1
1.90784E+1	5.47790E+1	-1.58800E+2
1.90704E+1	5.47500E+1	8.93000E+1
1.90624E+1	5.47270E+1	-1.00000E+1
1.90480E+1	5.47010E+1	1.09200E+2
1.90368E+1	5.46740E+1	-1.78600E+2
1.90272E+1	5.46470E+1	-1.19100E+2
1.90208E+1	5.46200E+1	-1.58900E+2
1.90128E+1	5.45910E+1	9.90000E+0
1.90032E+1	5.45660E+1	1.29000E+2
1.89904E+1	5.45380E+1	9.90000E+0
1.89808E+1	5.45180E+1	-3.95000E+1
1.89696E+1	5.44890E+1	-3.95000E+1
1.89552E+1	5.44620E+1	0.00000E+0
1.89424E+1	5.44330E+1	-1.68600E+2
1.89344E+1	5.44060E+1	1.09100E+2
1.89264E+1	5.43810E+1	-1.78700E+2
1.89184E+1	5.43580E+1	-2.99000E+1
1.89088E+1	5.43270E+1	1.98000E+1
1.88928E+1	5.43020E+1	-5.95000E+1
1.88848E+1	5.42750E+1	4.96000E+1
1.88768E+1	5.42470E+1	1.58800E+2
1.88672E+1	5.42230E+1	-1.00000E-1
1.88592E+1	5.42010E+1	1.00000E+1
1.88448E+1	5.41700E+1	-2.48000E+2
1.88352E+1	5.41420E+1	-3.96000E+1
1.88240E+1	5.41180E+1	-9.90000E+0
1.88192E+1	5.40910E+1	-5.95000E+1
1.88064E+1	5.40630E+1	-1.48900E+2
1.87936E+1	5.40350E+1	8.93000E+1
1.87856E+1	5.40090E+1	-4.98000E+1
1.87776E+1	5.39850E+1	2.28100E+2
1.87696E+1	5.39620E+1	-1.19000E+2
1.87600E+1	5.39330E+1	-4.97000E+1
1.87472E+1	5.39040E+1	0.00000E+0
1.87344E+1	5.38770E+1	1.48800E+2
1.87264E+1	5.38510E+1	6.96000E+1
1.87184E+1	5.38250E+1	1.78600E+2
1.87104E+1	5.38000E+1	-1.78600E+2
1.86992E+1	5.37720E+1	1.48800E+2
1.86848E+1	5.37440E+1	1.19000E+2
1.86768E+1	5.37210E+1	9.92000E+1
1.86672E+1	5.36960E+1	1.68500E+2
1.86592E+1	5.36680E+1	8.94000E+1
1.86496E+1	5.36390E+1	-1.38900E+2
1.86368E+1	5.36140E+1	1.58700E+2
1.86288E+1	5.35870E+1	-9.91000E+1
1.86192E+1	5.35630E+1	-6.94000E+1
1.86112E+1	5.35330E+1	6.96000E+1
1.86032E+1	5.35120E+1	6.94800E+2
1.85920E+1	5.34830E+1	2.18400E+3
1.85792E+1	5.34560E+1	2.99780E+3
1.85712E+1	5.34300E+1	7.80230E+3
1.85600E+1	5.34010E+1	7.81230E+3
1.85440E+1	5.33750E+1	7.40570E+3
1.85328E+1	5.33480E+1	5.98580E+3
1.85248E+1	5.33220E+1	3.41480E+3
1.85168E+1	5.32940E+1	1.40960E+3
1.85072E+1	5.32670E+1	2.77700E+2
1.84960E+1	5.32420E+1	1.98000E+1
1.84848E+1	5.32170E+1	-1.48700E+2
1.84752E+1	5.31890E+1	8.92000E+1
1.84672E+1	5.31630E+1	-2.00000E-1
1.84592E+1	5.31360E+1	-2.28000E+2
1.84480E+1	5.31110E+1	-2.99000E+1
1.84320E+1	5.30820E+1	-9.90000E+0
1.84240E+1	5.30540E+1	9.91000E+1
1.84160E+1	5.30320E+1	-8.91000E+1
1.84080E+1	5.30050E+1	1.58700E+2
1.84000E+1	5.29760E+1	1.68700E+2
1.83840E+1	5.29510E+1	1.19000E+2
1.83744E+1	5.29250E+1	2.00000E+1
1.83664E+1	5.28980E+1	7.93000E+1
1.83584E+1	5.28720E+1	1.29100E+2
1.83472E+1	5.28460E+1	4.95000E+1
1.83360E+1	5.28210E+1	-2.97000E+1
1.83248E+1	5.27930E+1	-1.38800E+2
1.83184E+1	5.27640E+1	6.93000E+1
1.83104E+1	5.27400E+1	9.90000E+0
1.83008E+1	5.27110E+1	-2.28200E+2
1.82864E+1	5.26810E+1	-1.58600E+2
1.82736E+1	5.26630E+1	-1.39200E+2
1.82672E+1	5.26360E+1	-2.02000E+1
1.82592E+1	5.26070E+1	-4.97000E+1
1.82512E+1	5.25810E+1	-5.93000E+1
1.82448E+1	5.25510E+1	-1.09100E+2
1.82272E+1	5.25300E+1	-9.90000E+0
1.82176E+1	5.24990E+1	-2.98000E+1
1.82096E+1	5.24720E+1	1.00000E-1
1.82016E+1	5.24440E+1	1.38900E+2
1.81904E+1	5.24170E+1	2.97000E+1
1.81808E+1	5.23920E+1	-1.78700E+2
1.81696E+1	5.23680E+1	9.93000E+1
1.81616E+1	5.23420E+1	1.98300E+2
1.81488E+1	5.23150E+1	-1.38900E+2
1.81344E+1	5.22900E+1	-3.97000E+1
1.81232E+1	5.22590E+1	2.99000E+1
1.81168E+1	5.22320E+1	1.48600E+2
1.81088E+1	5.22090E+1	-4.95000E+1
1.80992E+1	5.21860E+1	9.90000E+0
1.80848E+1	5.21590E+1	1.99000E+1
1.80752E+1	5.21320E+1	2.00000E-1
1.80656E+1	5.21020E+1	1.09100E+2
1.80560E+1	5.20780E+1	-5.94000E+1
1.80480E+1	5.20480E+1	0.00000E+0
1.80352E+1	5.20220E+1	-1.98000E+1
1.80240E+1	5.19970E+1	1.58800E+2
1.80160E+1	5.19660E+1	6.95000E+1
1.80080E+1	5.19450E+1	2.98000E+1
1.80000E+1	5.19180E+1	6.94000E+1
1.79856E+1	5.18900E+1	3.17500E+2
1.79728E+1	5.18650E+1	3.37700E+2
1.79632E+1	5.18370E+1	4.76700E+2
1.79568E+1	5.18110E+1	4.26800E+2
1.79488E+1	5.17820E+1	2.78000E+2
1.79392E+1	5.17540E+1	2.38300E+2
1.79232E+1	5.17320E+1	1.19400E+2
1.79136E+1	5.17020E+1	2.67900E+2
1.79056E+1	5.16740E+1	4.96000E+1
1.78976E+1	5.16530E+1	2.00000E+1
1.78880E+1	5.16180E+1	7.91000E+1
1.78768E+1	5.15990E+1	-1.68600E+2
1.78656E+1	5.15730E+1	-9.90000E+0
1.78576E+1	5.15450E+1	-9.93000E+1
1.78496E+1	5.15180E+1	2.98000E+1
1.78400E+1	5.14900E+1	5.94000E+1
1.78288E+1	5.14620E+1	-4.97000E+1
1.78160E+1	5.14410E+1	6.94000E+1
1.78096E+1	5.14140E+1	-1.78600E+2
1.78000E+1	5.13850E+1	-4.96000E+1
1.77920E+1	5.13560E+1	-1.38900E+2
1.77808E+1	5.13330E+1	-2.01000E+1
1.77696E+1	5.13030E+1	-4.96000E+1
1.77584E+1	5.12780E+1	1.38800E+2
1.77472E+1	5.12520E+1	8.91000E+1
1.77376E+1	5.12240E+1	8.91000E+1
1.77248E+1	5.12000E+1	8.94000E+1
1.77152E+1	5.11730E+1	-9.80000E+0
1.77056E+1	5.11480E+1	-1.99000E+1
1.76976E+1	5.11210E+1	2.99000E+1
1.76848E+1	5.10950E+1	1.97000E+1
1.76720E+1	5.10670E+1	-2.28200E+2
1.76640E+1	5.10440E+1	2.97000E+1
1.76560E+1	5.10170E+1	1.98000E+1
1.76480E+1	5.09870E+1	1.68700E+2
1.76400E+1	5.09610E+1	-3.98000E+1
1.76224E+1	5.09320E+1	-6.95000E+1
1.76128E+1	5.09110E+1	-5.96000E+1
1.76064E+1	5.08830E+1	1.49000E+2
1.75952E+1	5.08530E+1	-1.98000E+1
1.75904E+1	5.08240E+1	-2.98000E+1
1.75792E+1	5.08020E+1	-9.90000E+0
1.75632E+1	5.07730E+1	0.00000E+0
1.75552E+1	5.07450E+1	-6.96000E+1
1.75456E+1	5.07210E+1	4.97000E+1
1.75376E+1	5.06980E+1	1.01000E+1
1.75296E+1	5.06700E+1	-3.97000E+1
1.75136E+1	5.06440E+1	1.68500E+2
1.75072E+1	5.06150E+1	-2.98000E+1
1.74976E+1	5.05900E+1	-1.29100E+2
1.74880E+1	5.05660E+1	-4.95000E+1
1.74784E+1	5.05400E+1	3.98000E+1
1.74656E+1	5.05080E+1	5.94000E+1
1.74560E+1	5.04830E+1	3.00000E-1
1.74496E+1	5.04570E+1	-3.96000E+1
1.74400E+1	5.04320E+1	-1.78400E+2
1.74304E+1	5.04070E+1	9.94000E+1
1.74192E+1	5.03750E+1	9.94000E+1
1.74064E+1	5.03490E+1	1.09000E+2
1.73984E+1	5.03240E+1	3.98000E+1
1.73904E+1	5.03000E+1	1.48900E+2
1.73840E+1	5.02680E+1	-9.92000E+1
1.73744E+1	5.02460E+1	-1.68600E+2
1.73584E+1	5.02160E+1	1.09100E+2
1.73488E+1	5.01930E+1	8.93000E+1
1.73392E+1	5.01680E+1	9.80000E+0
1.73280E+1	5.01390E+1	8.93000E+1
1.73152E+1	5.01090E+1	-3.95000E+1
1.73056E+1	5.00850E+1	1.09100E+2
1.72976E+1	5.00600E+1	2.57900E+2
1.72880E+1	5.00290E+1	-1.00000E-1
1.72752E+1	5.00030E+1	-2.18300E+2
1.72640E+1	4.99800E+1	-3.98000E+1
1.72544E+1	4.99550E+1	1.28700E+2
1.72480E+1	4.99270E+1	1.00000E+1
1.72400E+1	4.99000E+1	-4.26500E+2
1.72256E+1	4.98710E+1	2.18100E+2
1.72160E+1	4.98470E+1	4.96000E+1
1.72048E+1	4.98170E+1	-6.93000E+1
1.71968E+1	4.97930E+1	3.96000E+1
1.71888E+1	4.97660E+1	9.80000E+0
1.71808E+1	4.97390E+1	-1.00000E-1
1.71664E+1	4.97140E+1	3.95000E+1
1.71552E+1	4.96870E+1	-1.88500E+2
1.71456E+1	4.96590E+1	1.97000E+1
1.71376E+1	4.96330E+1	7.94000E+1
1.71296E+1	4.96100E+1	-1.19000E+2
1.71200E+1	4.95790E+1	-2.96000E+1
1.71072E+1	4.95560E+1	2.99000E+1
1.70960E+1	4.95270E+1	1.38900E+2
1.70880E+1	4.95000E+1	1.00000E+1
1.70784E+1	4.94750E+1	8.93000E+1
1.70672E+1	4.94470E+1	1.01000E+1
1.70560E+1	4.94210E+1	2.08300E+2
1.70480E+1	4.93900E+1	1.18900E+2
1.70400E+1	4.93710E+1	5.96000E+1
1.70304E+1	4.93440E+1	1.29100E+2
1.70208E+1	4.93150E+1	1.19100E+2
