1,71920E+1	4,97910E+1	1,98543E+2
2,04960E+1	6,73720E+1	5,75734E+2
2,42816E+1	6,80150E+1	4,76482E+2
2,42848E+1	6,80610E+1	1,78687E+2
2,42752E+1	6,80480E+1	5,55900E+2
2,42608E+1	6,80280E+1	3,57356E+2
2,42496E+1	6,80040E+1	4,16920E+2
2,42416E+1	6,79810E+1	1,38992E+2
2,42336E+1	6,79560E+1	3,57356E+2
2,42240E+1	6,79350E+1	3,77226E+2
2,42128E+1	6,79070E+1	6,55163E+2
2,42000E+1	6,78810E+1	6,35294E+2
2,41920E+1	6,78590E+1	8,13960E+2
2,41824E+1	6,78340E+1	7,14730E+2
2,41744E+1	6,78070E+1	7,64360E+2
2,41632E+1	6,77810E+1	4,07000E+2
2,41504E+1	6,77590E+1	4,26840E+2
2,41408E+1	6,77320E+1	2,08470E+2
2,41328E+1	6,77050E+1	3,97050E+2
2,41264E+1	6,76820E+1	6,05520E+2
2,41152E+1	6,76560E+1	8,14010E+2
2,41008E+1	6,76310E+1	1,08200E+3
2,40896E+1	6,76070E+1	1,32028E+3
2,40816E+1	6,75840E+1	1,83640E+3
2,40736E+1	6,75570E+1	1,78680E+3
2,40656E+1	6,75340E+1	1,71735E+3
2,40528E+1	6,75060E+1	1,36991E+3
2,40400E+1	6,74850E+1	7,64400E+2
2,40320E+1	6,74540E+1	1,03235E+3
2,40224E+1	6,74340E+1	6,35300E+2
2,40160E+1	6,74090E+1	6,35340E+2
2,40064E+1	6,73830E+1	5,65800E+2
2,39920E+1	6,73560E+1	7,24670E+2
2,39824E+1	6,73310E+1	9,42980E+2
2,39744E+1	6,73100E+1	5,85680E+2
2,39664E+1	6,72840E+1	6,65120E+2
2,39584E+1	6,72590E+1	5,55840E+2
2,39440E+1	6,72340E+1	3,57360E+2
2,39328E+1	6,72090E+1	2,38200E+2
2,39248E+1	6,71820E+1	2,77920E+2
2,39168E+1	6,71590E+1	1,88650E+2
2,39088E+1	6,71320E+1	4,46750E+2
2,38976E+1	6,71110E+1	4,46740E+2
2,38864E+1	6,70840E+1	5,45990E+2
2,38752E+1	6,70580E+1	4,96300E+2
2,38656E+1	6,70300E+1	4,46620E+2
2,38496E+1	6,70080E+1	4,26870E+2
2,38400E+1	6,69830E+1	2,48150E+2
2,38320E+1	6,69550E+1	9,93000E+0
2,38224E+1	6,69320E+1	2,77840E+2
2,38144E+1	6,69070E+1	2,48190E+2
2,38000E+1	6,68790E+1	7,34490E+2
2,37904E+1	6,68610E+1	8,23850E+2
2,37808E+1	6,68320E+1	8,23940E+2
2,37728E+1	6,68060E+1	8,73550E+2
2,37664E+1	6,67850E+1	9,03370E+2
2,37536E+1	6,67600E+1	7,84170E+2
2,37424E+1	6,67320E+1	6,15460E+2
2,37312E+1	6,67080E+1	6,65140E+2
2,37232E+1	6,66830E+1	6,45310E+2
2,37136E+1	6,66560E+1	1,08199E+3
2,37056E+1	6,66310E+1	1,34999E+3
2,36912E+1	6,66060E+1	1,20122E+3
2,36816E+1	6,65820E+1	1,22097E+3
2,36736E+1	6,65530E+1	1,30041E+3
2,36640E+1	6,65320E+1	1,09194E+3
2,36560E+1	6,65030E+1	9,13270E+2
2,36416E+1	6,64780E+1	6,45150E+2
2,36304E+1	6,64520E+1	2,68020E+2
2,36224E+1	6,64310E+1	4,66550E+2
2,36144E+1	6,64050E+1	3,57500E+2
2,36064E+1	6,63820E+1	5,55890E+2
2,35904E+1	6,63530E+1	7,44460E+2
2,35808E+1	6,63260E+1	7,14780E+2
2,35728E+1	6,63030E+1	7,54430E+2
2,35648E+1	6,62780E+1	4,46710E+2
2,35552E+1	6,62530E+1	5,55890E+2
2,35472E+1	6,62260E+1	3,97120E+2
2,35328E+1	6,62000E+1	3,67380E+2
2,35248E+1	6,61810E+1	3,67290E+2
2,35152E+1	6,61500E+1	3,57410E+2
2,35072E+1	6,61250E+1	5,06290E+2
2,34992E+1	6,61050E+1	4,56690E+2
2,34864E+1	6,60770E+1	4,06990E+2
2,34752E+1	6,60520E+1	3,67320E+2
2,34640E+1	6,60260E+1	3,77120E+2
2,34560E+1	6,60010E+1	2,97900E+1
2,34400E+1	6,59790E+1	1,09160E+2
2,34304E+1	6,59500E+1	-1,97400E+1
2,34224E+1	6,59250E+1	3,67240E+2
2,34128E+1	6,59010E+1	7,14630E+2
2,34048E+1	6,58750E+1	9,23130E+2
2,33904E+1	6,58500E+1	7,74240E+2
2,33792E+1	6,58240E+1	1,05222E+3
2,33728E+1	6,58000E+1	9,43060E+2
2,33632E+1	6,57720E+1	1,01240E+3
2,33552E+1	6,57470E+1	9,13400E+2
2,33424E+1	6,57250E+1	1,03230E+3
2,33312E+1	6,56990E+1	1,13170E+3
2,33216E+1	6,56760E+1	1,17140E+3
2,33136E+1	6,56500E+1	1,20120E+3
2,33040E+1	6,56200E+1	9,92900E+2
2,32960E+1	6,55960E+1	1,09170E+3
2,32800E+1	6,55710E+1	9,23100E+2
2,32720E+1	6,55460E+1	6,55100E+2
2,32624E+1	6,55210E+1	4,76200E+2
2,32544E+1	6,54960E+1	3,37600E+2
2,32464E+1	6,54710E+1	4,56500E+2
2,32304E+1	6,54440E+1	6,55000E+2
2,32208E+1	6,54200E+1	7,34600E+2
2,32128E+1	6,53920E+1	6,65100E+2
2,32032E+1	6,53710E+1	8,13900E+2
2,31968E+1	6,53440E+1	8,33800E+2
2,31824E+1	6,53170E+1	7,04900E+2
2,31712E+1	6,52950E+1	6,75000E+2
2,31632E+1	6,52660E+1	4,56600E+2
2,31536E+1	6,52410E+1	2,97800E+2
2,31472E+1	6,52190E+1	4,66600E+2
2,31344E+1	6,51920E+1	3,17800E+2
2,31216E+1	6,51690E+1	4,96300E+2
2,31136E+1	6,51440E+1	2,28300E+2
2,31056E+1	6,51200E+1	5,16200E+2
2,30976E+1	6,50910E+1	2,38100E+2
2,30896E+1	6,50680E+1	1,02000E+1
2,30768E+1	6,50400E+1	4,96000E+1
2,30656E+1	6,50140E+1	1,00000E+1
2,30560E+1	6,49890E+1	1,29200E+2
2,30432E+1	6,49620E+1	5,55700E+2
2,30304E+1	6,49370E+1	5,16300E+2
2,30208E+1	6,49140E+1	9,62800E+2
2,30128E+1	6,48890E+1	1,06210E+3
2,30032E+1	6,48620E+1	9,33300E+2
2,29936E+1	6,48370E+1	9,23300E+2
2,29808E+1	6,48110E+1	1,25080E+3
2,29696E+1	6,47850E+1	1,05240E+3
2,29616E+1	6,47590E+1	1,14160E+3
2,29536E+1	6,47320E+1	1,14140E+3
2,29456E+1	6,47100E+1	9,73000E+2
2,29312E+1	6,46860E+1	9,33200E+2
2,29200E+1	6,46600E+1	8,14100E+2
2,29104E+1	6,46350E+1	9,52600E+2
2,29024E+1	6,46090E+1	5,36100E+2
2,28944E+1	6,45840E+1	3,07700E+2
2,28832E+1	6,45560E+1	4,26800E+2
2,28704E+1	6,45320E+1	7,04700E+2
2,28608E+1	6,45090E+1	5,36100E+2
2,28512E+1	6,44810E+1	6,05800E+2
2,28432E+1	6,44550E+1	7,84200E+2
2,28368E+1	6,44300E+1	9,12900E+2
2,28208E+1	6,44040E+1	9,42900E+2
2,28128E+1	6,43790E+1	6,95000E+2
2,28032E+1	6,43540E+1	5,85500E+2
2,27936E+1	6,43290E+1	4,07000E+2
2,27872E+1	6,43010E+1	4,96600E+2
2,27728E+1	6,42750E+1	4,96200E+2
2,27616E+1	6,42540E+1	2,38300E+2
2,27520E+1	6,42250E+1	3,67100E+2
2,27440E+1	6,42010E+1	4,06700E+2
2,27376E+1	6,41770E+1	1,19200E+2
2,27248E+1	6,41480E+1	2,48000E+2
2,27120E+1	6,41210E+1	-4,94000E+1
2,27040E+1	6,40980E+1	-1,19200E+2
2,26960E+1	6,40720E+1	5,95000E+1
2,26880E+1	6,40490E+1	4,36900E+2
2,26800E+1	6,40210E+1	6,05500E+2
2,26656E+1	6,39970E+1	7,64500E+2
2,26560E+1	6,39700E+1	9,43000E+2
2,26448E+1	6,39450E+1	9,13300E+2
2,26320E+1	6,39200E+1	1,24080E+3
2,26192E+1	6,38930E+1	1,10180E+3
2,26096E+1	6,38700E+1	1,08200E+3
2,26016E+1	6,38430E+1	8,53600E+2
2,25936E+1	6,38210E+1	7,44600E+2
2,25872E+1	6,37950E+1	7,54300E+2
2,25712E+1	6,37660E+1	6,65000E+2
2,25616E+1	6,37420E+1	3,97400E+2
2,25520E+1	6,37180E+1	3,37300E+2
2,25440E+1	6,36920E+1	2,38300E+2
2,25360E+1	6,36670E+1	4,17000E+2
2,25216E+1	6,36410E+1	4,46800E+2
2,25088E+1	6,36170E+1	4,66800E+2
2,25008E+1	6,35880E+1	6,75000E+2
2,24944E+1	6,35670E+1	6,44900E+2
2,24864E+1	6,35400E+1	6,25400E+2
2,24736E+1	6,35160E+1	5,55900E+2
2,24608E+1	6,34900E+1	5,75900E+2
2,24528E+1	6,34650E+1	4,76400E+2
2,24432E+1	6,34370E+1	8,96000E+1
2,24352E+1	6,34130E+1	2,18500E+2
2,24256E+1	6,33880E+1	2,28400E+2
2,24128E+1	6,33610E+1	1,48700E+2
2,24016E+1	6,33340E+1	4,97000E+1
2,23936E+1	6,33090E+1	5,96000E+1
2,23856E+1	6,32850E+1	7,96000E+1
2,23776E+1	6,32610E+1	-1,98000E+1
2,23632E+1	6,32370E+1	1,09100E+2
2,23536E+1	6,32080E+1	1,09300E+2
2,23440E+1	6,31830E+1	3,87300E+2
2,23360E+1	6,31560E+1	5,26400E+2
2,23280E+1	6,31320E+1	8,03800E+2
2,23152E+1	6,31060E+1	8,83500E+2
2,23040E+1	6,30780E+1	9,03100E+2
2,22944E+1	6,30530E+1	9,92700E+2
2,22864E+1	6,30270E+1	1,07190E+3
2,22800E+1	6,30040E+1	7,44600E+2
2,22704E+1	6,29780E+1	4,86500E+2
2,22544E+1	6,29490E+1	5,26200E+2
2,22448E+1	6,29290E+1	3,67200E+2
2,22368E+1	6,29020E+1	5,75400E+2
2,22208E+1	6,28740E+1	3,37700E+2
2,22096E+1	6,28510E+1	6,93000E+1
2,22016E+1	6,28240E+1	4,06600E+2
2,21936E+1	6,28020E+1	3,47400E+2
2,21840E+1	6,27740E+1	3,87200E+2
2,21728E+1	6,27470E+1	4,36800E+2
2,21600E+1	6,27220E+1	3,87100E+2
2,21504E+1	6,26980E+1	4,17200E+2
2,21424E+1	6,26690E+1	3,57700E+2
2,21344E+1	6,26450E+1	2,08500E+2
2,21248E+1	6,26190E+1	3,57100E+2
2,21104E+1	6,25900E+1	2,28200E+2
2,21008E+1	6,25680E+1	2,00000E-1
2,20928E+1	6,25420E+1	2,08300E+2
2,20848E+1	6,25180E+1	-1,48700E+2
2,20768E+1	6,24920E+1	1,99000E+1
2,20624E+1	6,24670E+1	4,98000E+1
2,20512E+1	6,24400E+1	-1,97000E+1
2,20416E+1	6,24110E+1	1,68700E+2
2,20336E+1	6,23900E+1	1,02000E+1
2,20272E+1	6,23610E+1	1,38800E+2
2,20112E+1	6,23380E+1	4,07200E+2
2,20016E+1	6,23110E+1	3,27600E+2
2,19920E+1	6,22900E+1	6,25300E+2
2,19840E+1	6,22630E+1	7,04700E+2
2,19760E+1	6,22350E+1	7,24400E+2
2,19664E+1	6,22060E+1	8,33800E+2
2,19536E+1	6,21810E+1	5,26200E+2
2,19424E+1	6,21580E+1	4,17100E+2
2,19344E+1	6,21330E+1	3,87200E+2
2,19264E+1	6,21080E+1	2,87800E+2
2,19184E+1	6,20790E+1	3,07800E+2
2,19040E+1	6,20560E+1	3,67000E+2
2,18944E+1	6,20290E+1	2,68100E+2
2,18848E+1	6,20020E+1	2,28100E+2
2,18768E+1	6,19760E+1	2,18400E+2
2,18688E+1	6,19500E+1	2,48400E+2
2,18576E+1	6,19290E+1	4,26800E+2
2,18464E+1	6,19020E+1	3,17400E+2
2,18352E+1	6,18770E+1	2,78000E+2
2,18240E+1	6,18510E+1	2,08400E+2
2,18112E+1	6,18220E+1	2,48100E+2
2,18000E+1	6,17970E+1	2,38400E+2
2,17920E+1	6,17720E+1	5,95500E+2
2,17824E+1	6,17470E+1	7,24300E+2
2,17744E+1	6,17180E+1	7,24500E+2
2,17616E+1	6,16950E+1	1,10160E+3
2,17504E+1	6,16680E+1	1,17130E+3
2,17408E+1	6,16450E+1	9,43400E+2
2,17328E+1	6,16180E+1	7,84000E+2
2,17248E+1	6,15920E+1	5,46100E+2
2,17152E+1	6,15640E+1	3,37400E+2
2,17008E+1	6,15390E+1	1,88800E+2
2,16912E+1	6,15170E+1	3,77200E+2
2,16832E+1	6,14950E+1	4,86300E+2
