2.42528E+1	6.80040E+1	-7.46718E-2
2.42944E+1	6.81070E+1	-1.59071E-1
2.42944E+1	6.80890E+1	-1.60566E-1
2.42864E+1	6.80680E+1	-5.64325E-2
2.42768E+1	6.80430E+1	-1.79543E-1
2.42608E+1	6.80150E+1	-8.89642E-2
2.42512E+1	6.79930E+1	-1.45177E-1
2.42416E+1	6.79700E+1	-1.48267E-1
2.42336E+1	6.79440E+1	-9.13363E-2
2.42256E+1	6.79230E+1	-1.42346E-1
2.42128E+1	6.78990E+1	-1.75496E-1
2.42000E+1	6.78760E+1	-1.64692E-1
2.41920E+1	6.78510E+1	4.19400E-2
2.41824E+1	6.78240E+1	-1.56539E-1
2.41760E+1	6.78010E+1	4.59866E-2
2.41664E+1	6.77770E+1	-1.29071E-1
2.41520E+1	6.77520E+1	-1.07881E-1
2.41408E+1	6.77300E+1	-1.44081E-1
2.41328E+1	6.77030E+1	-1.59689E-1
2.41248E+1	6.76770E+1	-1.91602E-1
2.41152E+1	6.76530E+1	-1.70234E-1
2.41024E+1	6.76280E+1	9.80834E-1
2.40912E+1	6.76020E+1	-1.56818E-1
2.40832E+1	6.75760E+1	7.53909E-1
2.40736E+1	6.75560E+1	-1.59649E-1
2.40656E+1	6.75250E+1	-1.50559E-1
2.40528E+1	6.75050E+1	1.96063E+0
2.40416E+1	6.74800E+1	-1.41031E-1
2.40336E+1	6.74540E+1	1.86866E+0
2.40240E+1	6.74310E+1	-1.67323E-1
2.40160E+1	6.74020E+1	-1.61466E-2
2.40032E+1	6.73790E+1	-1.10213E-1
2.39920E+1	6.73520E+1	-1.40373E-1
2.39824E+1	6.73270E+1	-8.88646E-2
2.39744E+1	6.73040E+1	-1.50659E-1
2.39680E+1	6.72790E+1	1.68834E-2
2.39584E+1	6.72510E+1	-1.47409E-1
2.39456E+1	6.72280E+1	-6.14003E-3
2.39344E+1	6.72010E+1	-1.41310E-1
2.39248E+1	6.71780E+1	-1.25542E-1
2.39168E+1	6.71540E+1	-1.23410E-1
2.39104E+1	6.71280E+1	-1.04393E-1
2.38992E+1	6.71010E+1	-1.22712E-1
2.38864E+1	6.70780E+1	-1.07343E-1
2.38736E+1	6.70490E+1	-3.20738E-2
2.38656E+1	6.70260E+1	-1.45177E-1
2.38512E+1	6.70040E+1	5.60077E-3
2.38400E+1	6.69780E+1	-1.28253E-1
2.38320E+1	6.69510E+1	-1.01263E-1
2.38240E+1	6.69250E+1	-1.16014E-1
2.38160E+1	6.69000E+1	-1.03815E-1
2.38016E+1	6.68740E+1	-1.10293E-1
2.37904E+1	6.68530E+1	-9.89710E-2
2.37808E+1	6.68240E+1	3.32687E-2
2.37728E+1	6.68030E+1	-1.26938E-1
2.37648E+1	6.67740E+1	-1.15636E-1
2.37552E+1	6.67500E+1	-9.27715E-2
2.37408E+1	6.67230E+1	-1.74619E-1
2.37328E+1	6.66990E+1	4.48899E-2
2.37232E+1	6.66710E+1	-1.27177E-1
2.37136E+1	6.66450E+1	-1.31343E-1
2.37072E+1	6.66230E+1	-1.11410E-1
2.36912E+1	6.65990E+1	-1.38121E-1
2.36816E+1	6.65740E+1	1.25123E-1
2.36736E+1	6.65450E+1	-1.32220E-1
2.36640E+1	6.65260E+1	-9.81736E-2
2.36544E+1	6.64950E+1	-1.18446E-1
2.36400E+1	6.64700E+1	-1.06865E-1
2.36304E+1	6.64470E+1	-3.63993E-2
2.36224E+1	6.64180E+1	-9.85524E-2
2.36144E+1	6.63940E+1	2.86840E-2
2.36064E+1	6.63720E+1	-8.97616E-2
2.35936E+1	6.63470E+1	-1.46114E-1
2.35824E+1	6.63220E+1	-9.17152E-2
2.35728E+1	6.62930E+1	-5.13097E-2
2.35648E+1	6.62670E+1	6.23718E-2
2.35568E+1	6.62460E+1	-9.37882E-2
2.35472E+1	6.62170E+1	-9.62998E-2
2.35328E+1	6.61940E+1	-1.13722E-1
2.35232E+1	6.61710E+1	-1.03077E-1
2.35152E+1	6.61400E+1	-1.69441E-2
2.35072E+1	6.61180E+1	-5.40206E-2
2.35008E+1	6.60920E+1	-8.49377E-2
2.34864E+1	6.60680E+1	-1.10692E-1
2.34752E+1	6.60440E+1	-7.49310E-2
2.34656E+1	6.60130E+1	-1.02798E-1
2.34560E+1	6.59920E+1	-9.47052E-2
2.34416E+1	6.59640E+1	-4.53495E-2
2.34304E+1	6.59390E+1	-4.65057E-2
2.34224E+1	6.59120E+1	-7.59875E-2
2.34144E+1	6.58910E+1	-8.84260E-2
2.34064E+1	6.58660E+1	-9.89311E-2
2.33904E+1	6.58370E+1	8.19268E-2
2.33792E+1	6.58130E+1	-5.02134E-2
2.33728E+1	6.57880E+1	1.80020E-1
2.33632E+1	6.57630E+1	-4.32365E-2
2.33552E+1	6.57370E+1	-7.62466E-2
2.33440E+1	6.57120E+1	-1.09416E-1
2.33296E+1	6.56880E+1	-7.65257E-2
2.33216E+1	6.56600E+1	-1.14280E-1
2.33136E+1	6.56380E+1	-3.77547E-2
2.33056E+1	6.56110E+1	1.70552E-1
2.32944E+1	6.55860E+1	-9.98279E-2
2.32816E+1	6.55590E+1	1.43861E-1
2.32704E+1	6.55340E+1	-6.82532E-2
2.32624E+1	6.55080E+1	-9.84725E-2
2.32544E+1	6.54820E+1	-1.31403E-1
2.32464E+1	6.54590E+1	-8.53761E-2
2.32304E+1	6.54300E+1	-1.27915E-1
2.32208E+1	6.54070E+1	-6.73362E-2
2.32128E+1	6.53790E+1	1.00844E-1
2.32048E+1	6.53540E+1	-4.42929E-2
2.31952E+1	6.53320E+1	8.04516E-2
2.31824E+1	6.53040E+1	-9.79743E-2
2.31712E+1	6.52780E+1	5.90030E-2
2.31632E+1	6.52540E+1	-1.36346E-1
2.31552E+1	6.52320E+1	-6.30107E-2
2.31456E+1	6.52030E+1	-7.38945E-2
2.31360E+1	6.51780E+1	-6.50638E-2
2.31232E+1	6.51500E+1	5.37710E-4
2.31136E+1	6.51280E+1	-1.05848E-1
2.31056E+1	6.51040E+1	3.82666E-3
2.30992E+1	6.50740E+1	-6.73563E-2
2.30912E+1	6.50490E+1	-8.00340E-2
2.30768E+1	6.50280E+1	-5.96419E-2
2.30656E+1	6.49990E+1	-8.73895E-2
2.30544E+1	6.49750E+1	-7.90972E-2
2.30432E+1	6.49480E+1	-8.26652E-2
2.30304E+1	6.49230E+1	1.05448E-1
2.30208E+1	6.48980E+1	-8.39809E-2
2.30112E+1	6.48700E+1	1.26877E-1
2.30032E+1	6.48470E+1	-8.72899E-2
2.29952E+1	6.48200E+1	-7.78812E-2
2.29824E+1	6.47970E+1	-8.19676E-2
2.29696E+1	6.47690E+1	-4.48313E-2
2.29600E+1	6.47440E+1	-4.22997E-2
2.29536E+1	6.47220E+1	-6.07781E-2
2.29440E+1	6.46950E+1	1.39615E-1
2.29296E+1	6.46680E+1	-6.43862E-2
2.29200E+1	6.46450E+1	-9.86121E-2
2.29120E+1	6.46180E+1	-1.34154E-1
2.29040E+1	6.45930E+1	-5.25257E-2
2.28960E+1	6.45690E+1	-8.42001E-2
2.28832E+1	6.45430E+1	-8.44992E-2
2.28704E+1	6.45150E+1	3.78798E-1
2.28608E+1	6.44900E+1	-9.90308E-2
2.28528E+1	6.44650E+1	-7.90971E-2
2.28448E+1	6.44400E+1	-1.23310E-1
2.28352E+1	6.44170E+1	-8.08513E-2
2.28208E+1	6.43930E+1	-1.07443E-1
2.28112E+1	6.43640E+1	-4.06651E-2
2.28032E+1	6.43380E+1	1.70803E+0
2.27952E+1	6.43130E+1	-9.68978E-2
2.27872E+1	6.42840E+1	3.40266E-1
2.27712E+1	6.42600E+1	-9.34095E-2
2.27616E+1	6.42370E+1	-7.08446E-2
2.27536E+1	6.42090E+1	-6.51436E-2
2.27456E+1	6.41810E+1	-6.18546E-2
2.27376E+1	6.41600E+1	-7.32366E-2
2.27248E+1	6.41340E+1	-9.26122E-2
2.27136E+1	6.41080E+1	-4.03461E-2
2.27040E+1	6.40800E+1	-7.71836E-2
2.26960E+1	6.40560E+1	2.52155E-2
2.26880E+1	6.40310E+1	-7.02069E-2
2.26816E+1	6.40050E+1	-4.18212E-2
2.26672E+1	6.39800E+1	-5.43993E-2
2.26560E+1	6.39540E+1	-4.73628E-2
2.26448E+1	6.39300E+1	2.17455E-1
2.26320E+1	6.39050E+1	-9.40872E-2
2.26208E+1	6.38790E+1	2.48771E-1
2.26128E+1	6.38530E+1	-9.75556E-2
2.26032E+1	6.38280E+1	-8.02334E-2
2.25936E+1	6.38010E+1	-1.03735E-1
2.25856E+1	6.37780E+1	-7.31370E-2
2.25696E+1	6.37460E+1	9.15944E-2
2.25616E+1	6.37240E+1	-2.91235E-2
2.25536E+1	6.36990E+1	-4.62266E-2
2.25440E+1	6.36750E+1	-4.97748E-2
2.25344E+1	6.36460E+1	-6.15557E-2
2.25216E+1	6.36240E+1	4.28368E-2
2.25120E+1	6.35960E+1	-3.95289E-2
2.25024E+1	6.35700E+1	6.95479E-2
2.24944E+1	6.35480E+1	-1.31224E-1
2.24848E+1	6.35240E+1	-2.02930E-2
2.24736E+1	6.34950E+1	-7.86586E-2
2.24608E+1	6.34700E+1	-5.71104E-2
2.24528E+1	6.34450E+1	-6.97736E-3
2.24432E+1	6.34200E+1	-9.79145E-2
2.24352E+1	6.33920E+1	1.00460E-2
2.24240E+1	6.33690E+1	-5.43197E-2
2.24112E+1	6.33440E+1	2.41191E-2
2.24016E+1	6.33200E+1	-4.02865E-2
2.23936E+1	6.32910E+1	-6.19542E-2
2.23856E+1	6.32670E+1	-6.73961E-2
2.23776E+1	6.32420E+1	-6.76951E-2
2.23632E+1	6.32160E+1	-7.55888E-2
2.23520E+1	6.31910E+1	-6.74958E-2
2.23440E+1	6.31650E+1	1.23189E-1
2.23360E+1	6.31390E+1	-6.81537E-2
2.23280E+1	6.31160E+1	1.64691E-1
2.23136E+1	6.30850E+1	-8.94825E-2
2.23040E+1	6.30650E+1	-5.86652E-2
2.22944E+1	6.30330E+1	-3.81534E-2
2.22880E+1	6.30110E+1	-6.56220E-2
2.22784E+1	6.29860E+1	1.97761E-1
2.22688E+1	6.29600E+1	-8.02532E-2
2.22560E+1	6.29360E+1	-2.91834E-2
2.22464E+1	6.29080E+1	-7.45922E-2
2.22352E+1	6.28810E+1	-6.07383E-2
2.22224E+1	6.28580E+1	-1.07164E-1
2.22112E+1	6.28330E+1	-5.39808E-2
2.22016E+1	6.28050E+1	2.57936E-2
2.21936E+1	6.27780E+1	-6.25722E-2
2.21840E+1	6.27560E+1	-6.86519E-2
2.21728E+1	6.27270E+1	-4.28180E-2
2.21600E+1	6.27010E+1	-5.34625E-2
2.21504E+1	6.26780E+1	1.40452E-1
2.21424E+1	6.26520E+1	-4.93363E-2
2.21344E+1	6.26260E+1	8.27638E-2
2.21264E+1	6.25980E+1	-1.12426E-1
2.21120E+1	6.25740E+1	-7.27383E-2
2.21008E+1	6.25490E+1	-7.82400E-2
2.20928E+1	6.25240E+1	-6.72566E-2
2.20848E+1	6.24970E+1	-3.09775E-2
2.20768E+1	6.24700E+1	-4.21004E-2
2.20624E+1	6.24480E+1	-6.47649E-2
2.20512E+1	6.24190E+1	-3.79742E-2
2.20432E+1	6.23930E+1	-7.02268E-2
2.20352E+1	6.23690E+1	-1.14624E-2
2.20256E+1	6.23440E+1	-6.91901E-2
2.20112E+1	6.23180E+1	6.69964E-2
2.20000E+1	6.22930E+1	-2.07913E-2
2.19920E+1	6.22670E+1	-1.29469E-1
2.19840E+1	6.22400E+1	-6.25125E-2
2.19760E+1	6.22170E+1	-5.20472E-2
2.19664E+1	6.21900E+1	2.01588E-1
2.19536E+1	6.21640E+1	-4.52300E-2
2.19440E+1	6.21380E+1	1.44000E-1
2.19360E+1	6.21100E+1	-8.73098E-2
2.19264E+1	6.20860E+1	-7.45922E-2
2.19184E+1	6.20600E+1	-3.18745E-2
2.19040E+1	6.20330E+1	-9.25325E-2
2.18928E+1	6.20120E+1	-3.79144E-2
2.18864E+1	6.19830E+1	-4.91967E-2
2.18768E+1	6.19600E+1	5.39200E-2
2.18688E+1	6.19310E+1	-4.62665E-2
2.18560E+1	6.19080E+1	-2.04525E-2
2.18464E+1	6.18810E+1	-3.10771E-2
2.18352E+1	6.18560E+1	-5.12100E-2
2.18256E+1	6.18270E+1	-1.00526E-1
2.18112E+1	6.18040E+1	-8.25456E-2
2.18000E+1	6.17800E+1	6.17244E-1
2.17920E+1	6.17520E+1	-7.78612E-2
2.17840E+1	6.17260E+1	2.76499E+0
2.17744E+1	6.17040E+1	-7.99543E-2
2.17632E+1	6.16760E+1	-5.02334E-2
2.17504E+1	6.16520E+1	-3.38080E-2
2.17424E+1	6.16220E+1	-8.70907E-2
2.17328E+1	6.16000E+1	1.95905E+0
2.17264E+1	6.15710E+1	-5.62134E-2
2.17152E+1	6.15470E+1	7.95710E-1
2.17024E+1	6.15220E+1	-1.00267E-1
2.16928E+1	6.14960E+1	-7.48314E-2
2.16832E+1	6.14720E+1	-9.45259E-2
2.16752E+1	6.14490E+1	-4.95755E-2
2.16640E+1	6.14170E+1	-5.68711E-2
2.16512E+1	6.13930E+1	-3.91303E-2
2.16400E+1	6.13660E+1	2.34698E-1
2.16320E+1	6.13390E+1	-4.50505E-2
2.16240E+1	6.13170E+1	1.54684E-1
2.16160E+1	6.12860E+1	-7.92966E-2
2.16016E+1	6.12630E+1	-7.57483E-2
2.15904E+1	6.12400E+1	-5.67913E-2
2.15824E+1	6.12120E+1	1.80394E-2
2.15744E+1	6.11860E+1	6.28303E-2
2.15648E+1	6.11620E+1	-7.58679E-2
2.15536E+1	6.11330E+1	-6.12167E-2
2.15408E+1	6.11090E+1	-4.80605E-2
2.15328E+1	6.10820E+1	-6.72765E-2
2.15248E+1	6.10580E+1	5.19066E-2
2.15168E+1	6.10330E+1	-6.50640E-2
2.15072E+1	6.10050E+1	-1.05654E-2
2.14944E+1	6.09840E+1	-6.92898E-2
2.14832E+1	6.09540E+1	-7.01470E-2
2.14752E+1	6.09300E+1	-5.54360E-2
2.14672E+1	6.09070E+1	-4.57682E-2
2.14592E+1	6.08770E+1	-1.77218E-2
2.14464E+1	6.08540E+1	-4.22001E-2
2.14368E+1	6.08240E+1	-7.71638E-2
2.14256E+1	6.08000E+1	-1.04074E-1
2.14160E+1	6.07750E+1	-6.35091E-2
2.14016E+1	6.07480E+1	-2.83462E-2
2.13920E+1	6.07210E+1	-2.27050E-2
2.13824E+1	6.06960E+1	1.24525E-1
2.13728E+1	6.06710E+1	-6.58016E-2
2.13648E+1	6.06440E+1	1.97103E-1
2.13520E+1	6.06200E+1	-8.24859E-2
2.13408E+1	6.05950E+1	-4.20805E-2
2.13312E+1	6.05690E+1	-6.80939E-2
2.13232E+1	6.05400E+1	-6.47849E-2
2.13152E+1	6.05130E+1	3.46043E-2
2.13008E+1	6.04890E+1	-5.11104E-2
2.12896E+1	6.04650E+1	1.63136E-1
2.12816E+1	6.04410E+1	-6.54626E-2
2.12736E+1	6.04120E+1	-6.60606E-2
2.12640E+1	6.03850E+1	-4.28978E-2
2.12560E+1	6.03620E+1	-3.96286E-2
2.12416E+1	6.03390E+1	-7.12434E-2
2.12320E+1	6.03110E+1	-1.13383E-1
2.12240E+1	6.02830E+1	9.90893E-2
2.12144E+1	6.02580E+1	-2.17482E-2
2.12064E+1	6.02320E+1	-8.11305E-2
2.11920E+1	6.02040E+1	-7.01470E-2
2.11824E+1	6.01810E+1	-5.73497E-2
2.11744E+1	6.01580E+1	-3.96485E-2
2.11648E+1	6.01290E+1	-9.40075E-2
2.11584E+1	6.01040E+1	-4.24647E-3
2.11424E+1	6.00770E+1	-2.79874E-2
2.11312E+1	6.00530E+1	-3.53828E-2
2.11232E+1	6.00260E+1	-6.87316E-2
2.11152E+1	6.00030E+1	-4.59676E-2
2.11072E+1	5.99720E+1	-8.37278E-3
2.10976E+1	5.99480E+1	-6.18745E-2
2.10832E+1	5.99190E+1	2.22718E-1
2.10736E+1	5.98980E+1	-8.66320E-2
2.10656E+1	5.98690E+1	-5.24859E-2
2.10576E+1	5.98450E+1	-6.77350E-2
2.10496E+1	5.98160E+1	-8.07717E-2
2.10368E+1	5.97910E+1	4.69031E-2
2.10272E+1	5.97660E+1	-5.77683E-2
2.10160E+1	5.97360E+1	-2.57151E-2
2.10064E+1	5.97150E+1	-4.85988E-2
2.09920E+1	5.96900E+1	-5.16686E-2
2.09808E+1	5.96640E+1	-6.16553E-2
2.09728E+1	5.96370E+1	-7.45922E-2
2.09648E+1	5.96100E+1	-3.54626E-2
