    0.75     0.55     0.46     0.58     0.53     0.46     0.60     0.44     0.48     0.53     0.55     0.58     0.77     0.72     0.45     0.44     0.69     0.78     0.56     0.49     0.73     0.65     0.56     0.31     0.56     0.59     0.52     0.68     0.46     0.58     0.45     0.46     0.39     0.37     0.54     0.52     0.26     0.18     0.38 
    0.69     0.63     0.53     0.41     0.67     0.50     0.63     0.52     0.52     0.57     0.56     0.56     0.80     0.83     0.57     0.43     0.68     0.78     0.56     0.68     0.77     0.50     0.54     0.46     0.51     0.59     0.63     0.61     0.52     0.51     0.50     0.55     0.37     0.43     0.58     0.28     0.25     0.34     0.45 
    0.71     0.67     0.64     0.43     0.43     0.55     0.62     0.60     0.53     0.64     0.64     0.53     0.87     0.88     0.70     0.53     0.65     0.71     0.67     0.88     0.64     0.45     0.60     0.48     0.58     0.68     0.61     0.59     0.49     0.64     0.59     0.44     0.38     0.44     0.41     0.31     0.29     0.42     0.40 
    0.77     0.64     0.67     0.58     0.43     0.53     0.50     0.68     0.57     0.55     0.61     0.62     0.85     0.98     0.79     0.75     0.70     0.60     0.82     0.97     0.51     0.44     0.64     0.59     0.73     0.69     0.51     0.57     0.57     0.68     0.54     0.47     0.33     0.55     0.38     0.34     0.36     0.47     0.41 
    0.58     0.79     0.66     0.66     0.47     0.56     0.53     0.61     0.67     0.57     0.50     0.59     0.97     0.92     0.87     0.88     0.82     0.69     0.97     0.88     0.53     0.54     0.79     0.80     0.72     0.50     0.44     0.72     0.68     0.72     0.55     0.33     0.46     0.56     0.33     0.31     0.48     0.44     0.33 
    0.54     0.73     0.78     0.68     0.53     0.45     0.71     0.65     0.63     0.58     0.59     0.57     0.88     0.92     0.95     1.09     0.83     0.89     1.01     0.87     0.69     0.72     0.90     0.76     0.52     0.43     0.59     0.84     0.66     0.51     0.47     0.41     0.59     0.34     0.33     0.42     0.45     0.36     0.38 
    0.72     0.59     0.86     0.75     0.67     0.46     0.59     0.87     0.74     0.56     0.59     0.76     0.91     0.85     0.89     1.13     1.05     1.13     0.99     0.65     0.56     0.93     0.87     0.63     0.51     0.64     0.69     0.84     0.47     0.47     0.63     0.54     0.47     0.33     0.40     0.50     0.37     0.40     0.40 
    0.76     0.75     0.70     0.95     0.73     0.57     0.51     0.81     0.80     0.62     0.53     0.77     1.08     0.91     0.96     1.01     1.07     1.18     0.82     0.68     0.79     1.01     0.64     0.58     0.68     0.70     0.65     0.71     0.52     0.59     0.65     0.63     0.37     0.40     0.51     0.43     0.38     0.40     0.35 
    0.69     0.82     0.76     0.92     0.89     0.68     0.52     0.70     0.86     0.67     0.69     0.87     1.13     0.96     1.02     0.98     1.09     1.04     0.83     0.90     0.92     0.91     0.55     0.76     0.73     0.64     0.63     0.79     0.51     0.56     0.74     0.55     0.39     0.56     0.48     0.38     0.48     0.39     0.40 
    0.82     0.70     0.90     0.88     1.11     0.81     0.63     0.74     0.97     0.75     0.71     0.80     1.22     0.91     1.14     1.11     1.12     0.84     1.00     1.14     0.72     0.74     0.81     0.77     0.70     0.66     0.76     0.76     0.52     0.66     0.74     0.51     0.45     0.48     0.46     0.52     0.46     0.39     0.52 
    0.63     0.77     0.72     0.95     1.13     1.17     0.80     0.80     0.94     0.85     0.73     0.76     1.14     1.09     1.24     1.33     1.03     0.78     1.06     1.18     0.73     0.88     0.76     0.70     0.69     0.78     0.89     0.79     0.50     0.72     0.56     0.59     0.58     0.57     0.48     0.47     0.36     0.52     0.48 
    0.51     0.69     0.87     0.82     1.06     1.23     1.00     0.87     1.00     0.97     0.82     0.84     1.13     1.23     1.34     1.26     0.97     1.04     1.02     0.98     1.12     0.93     0.57     0.74     0.76     0.85     0.83     0.80     0.63     0.73     0.59     0.65     0.63     0.55     0.52     0.48     0.55     0.56     0.43 
    0.82     0.62     0.80     0.86     0.95     1.24     1.29     0.93     1.03     1.00     0.97     0.92     1.18     1.43     1.30     1.22     0.98     1.23     1.01     1.10     0.92     1.14     0.70     0.71     0.64     0.95     0.86     0.87     0.75     0.64     0.70     0.66     0.76     0.59     0.57     0.62     0.54     0.45     0.40 
    0.71     0.82     0.76     0.91     1.02     1.21     1.49     1.24     1.00     1.11     1.10     0.99     1.44     1.37     1.37     1.01     1.28     1.08     1.26     1.18     0.79     1.13     0.99     0.55     0.72     1.06     1.00     0.97     0.68     0.74     0.73     0.81     0.82     0.63     0.64     0.51     0.50     0.57     0.57 
    0.82     0.71     0.92     0.97     1.02     1.11     1.46     1.65     1.18     1.30     1.32     1.25     1.64     1.34     1.29     1.21     1.13     1.11     1.22     1.24     0.93     0.87     1.11     1.10     0.87     0.89     1.02     1.11     0.69     0.90     0.76     0.85     0.84     0.81     0.70     0.68     0.73     0.68     0.65 
    1.16     1.15     0.96     0.95     0.99     1.18     1.41     1.78     1.64     1.43     1.62     1.67     1.82     1.58     1.28     1.26     1.29     1.12     0.98     1.05     1.19     1.23     1.06     1.14     1.20     0.93     1.28     1.09     0.92     1.02     0.90     1.05     0.98     0.85     0.76     0.68     0.66     0.54     0.49 
    1.15     1.28     1.28     1.16     1.02     1.13     1.45     1.78     2.17     1.96     1.91     2.06     2.04     1.77     1.44     1.26     1.31     1.27     1.25     1.31     1.05     1.14     1.28     1.27     1.50     1.35     1.31     1.33     1.19     1.17     1.11     1.05     0.81     0.72     0.55     0.56     0.54     0.61     0.71 
    0.68     0.82     1.07     1.32     1.40     1.42     1.36     1.76     2.28     2.86     2.57     2.80     2.52     1.88     1.55     1.50     1.44     1.31     1.25     1.25     1.16     1.09     1.12     1.55     1.53     1.78     1.63     1.55     1.23     1.28     1.10     0.86     0.77     0.76     0.72     0.78     0.76     0.66     0.44 
    0.72     0.65     0.77     0.97     1.22     1.49     1.69     2.00     2.47     3.56     4.51     4.39     3.47     2.31     1.88     1.54     1.31     1.33     1.23     1.22     1.14     1.17     1.03     1.22     1.36     1.46     2.13     2.26     2.04     1.52     1.00     0.97     0.79     0.92     0.94     0.78     0.58     0.49     0.51 
    0.84     0.88     0.91     0.99     1.26     1.53     1.81     2.23     2.87     4.46     7.18     8.13     4.61     2.82     2.09     1.75     1.52     1.54     1.40     1.26     1.23     1.33     1.41     1.54     1.49     1.79     2.34     3.68     3.30     2.03     1.38     1.28     1.30     1.21     1.06     0.99     0.91     0.81     0.79 
    0.86     0.87     1.00     1.19     1.28     1.35     1.73     1.88     2.44     3.62     6.28     7.36     4.44     2.76     2.14     1.75     1.46     1.50     1.46     1.37     1.21     1.27     1.37     1.34     1.23     1.38     1.92     2.80     2.69     1.92     1.42     1.39     1.03     0.87     0.87     0.73     0.68     0.63     0.62 
    0.94     1.00     1.06     1.14     1.27     1.38     1.55     1.79     2.13     2.86     4.59     4.24     3.42     2.73     2.11     1.93     1.61     1.57     1.60     1.56     1.33     1.33     1.29     1.29     1.25     1.31     1.53     1.81     1.85     1.82     1.34     1.06     0.85     0.83     0.93     0.82     0.76     0.75     0.65 
    0.95     0.88     0.88     0.96     1.13     1.24     1.30     1.56     2.06     2.51     3.28     3.02     2.44     2.31     2.17     1.73     1.38     1.44     1.66     1.72     1.59     1.58     1.41     1.52     1.52     1.41     1.37     1.47     1.40     1.45     1.16     1.08     0.97     0.95     1.01     0.91     0.81     0.72     0.70 
    0.82     0.80     0.88     0.99     0.99     1.13     1.29     1.58     1.94     2.14     2.33     2.37     2.05     2.06     2.03     1.91     1.68     1.29     1.32     1.39     1.50     1.72     1.74     1.68     1.38     1.23     1.54     1.35     1.22     1.52     1.53     1.33     1.13     0.94     0.83     0.89     0.80     0.77     0.70 
    0.87     0.85     0.89     0.89     0.92     1.08     1.19     1.57     1.60     1.95     2.05     2.09     2.02     1.81     2.21     1.88     1.88     1.55     1.69     1.72     1.77     1.60     1.57     1.48     1.52     1.57     1.45     1.31     1.14     1.25     1.40     1.25     1.12     1.13     1.04     0.94     0.90     0.80     0.68 
    0.83     1.00     0.98     0.95     1.02     1.16     1.37     1.50     1.56     1.81     2.05     1.80     1.96     1.76     1.73     1.94     2.10     2.06     1.83     2.19     2.00     1.81     1.49     1.11     1.21     1.54     1.46     1.62     1.26     1.12     1.17     1.19     1.18     0.90     0.84     0.88     0.77     0.76     0.77 
    0.93     0.86     0.95     1.03     1.18     1.35     1.48     1.53     1.54     1.62     1.93     1.63     1.83     1.77     1.61     2.10     2.14     2.60     2.61     2.62     2.54     2.14     1.61     1.69     1.47     1.28     1.11     1.39     1.32     1.35     1.40     1.36     1.18     1.00     0.75     0.70     0.73     0.61     0.60 
    0.73     0.70     0.93     1.10     1.23     1.34     1.30     1.41     1.36     1.43     1.76     1.53     1.77     1.89     1.73     1.98     2.54     2.91     4.44     5.57     3.58     2.41     1.92     1.64     1.55     1.42     1.22     1.32     0.98     0.83     0.91     1.07     1.10     0.99     0.97     0.76     0.74     0.71     0.59 
    0.78     0.84     0.99     1.11     1.15     1.16     1.31     1.37     1.34     1.43     1.70     1.47     1.76     1.83     1.75     2.05     2.64     3.82     6.04     7.30     4.94     2.69     1.98     1.88     1.58     1.43     1.39     1.47     1.16     1.03     1.03     1.03     0.93     0.92     0.97     1.10     0.86     0.79     0.74 
    0.71     0.86     0.90     0.95     0.96     0.97     1.12     1.04     1.12     1.31     1.28     1.16     1.38     1.50     1.71     1.81     2.23     3.20     4.20     4.69     3.83     2.62     1.94     1.58     1.39     1.17     1.04     1.28     1.28     1.21     0.99     1.06     0.99     0.92     0.72     0.81     0.99     0.91     0.89 
    0.69     0.71     0.72     0.61     0.79     0.93     1.05     0.99     1.06     1.28     1.40     1.49     1.61     1.55     1.60     1.32     1.75     2.24     2.56     2.64     2.43     2.31     1.96     1.56     1.28     1.17     1.12     1.09     0.96     1.03     0.88     0.97     0.98     0.82     0.80     0.73     0.90     0.93     0.82 
    0.68     0.78     0.72     0.89     0.94     1.06     1.10     1.08     1.22     1.39     1.40     1.39     1.47     1.14     1.15     1.46     1.72     1.71     1.70     2.04     1.73     1.80     1.77     1.56     1.22     1.11     1.04     1.26     1.08     0.92     0.66     0.84     0.91     0.90     0.81     0.59     0.61     0.77     0.84 
    0.87     0.78     0.81     0.87     1.03     1.12     1.23     1.15     1.29     1.29     1.14     1.04     1.05     1.01     1.39     1.61     1.49     1.29     1.45     1.66     1.61     1.48     1.36     1.44     1.33     1.05     1.01     1.08     1.00     1.06     0.83     0.74     0.73     0.87     0.85     0.83     0.59     0.54     0.67 
    0.86     0.71     0.87     0.91     1.00     0.85     0.97     0.78     0.97     1.13     1.06     0.89     1.01     1.30     1.37     1.48     1.16     1.14     1.29     1.46     1.56     1.35     1.02     1.18     1.18     1.25     0.99     0.96     0.88     0.94     0.79     0.77     0.70     0.75     0.69     0.85     0.67     0.57     0.48 
    0.73     0.82     0.67     0.73     0.77     0.77     0.80     0.80     0.87     0.89     0.78     0.89     1.26     1.27     1.22     1.09     1.04     1.06     1.25     1.35     1.22     1.22     1.05     0.81     1.10     1.04     1.17     1.10     0.87     0.90     0.70     0.78     0.75     0.59     0.54     0.64     0.82     0.68     0.59 
    0.59     0.48     0.58     0.79     0.69     0.68     0.67     0.69     0.75     0.73     0.83     1.18     1.14     1.06     0.90     0.82     0.95     0.89     1.23     1.24     0.95     1.06     1.22     0.85     0.87     1.09     1.04     1.12     0.97     1.00     0.64     0.56     0.72     0.70     0.70     0.42     0.54     0.65     0.64 
    0.55     0.58     0.65     0.71     0.62     0.68     0.49     0.61     0.78     0.91     1.14     0.96     0.92     0.94     0.76     0.72     0.81     0.85     1.15     1.12     0.96     0.93     1.19     0.88     0.78     0.80     1.01     0.96     0.98     0.98     0.74     0.58     0.67     0.62     0.73     0.71     0.58     0.54     0.46 
    0.54     0.55     0.72     0.65     0.49     0.53     0.48     0.65     1.02     1.13     0.94     0.66     0.76     0.90     0.74     0.80     0.76     0.78     1.09     0.91     0.90     0.90     0.86     0.98     0.70     0.66     0.71     1.09     0.87     1.08     0.77     0.54     0.67     0.63     0.51     0.53     0.58     0.75     0.60 
    0.61     0.65     0.61     0.43     0.50     0.51     0.59     0.84     1.09     0.92     0.77     0.66     0.69     0.73     0.78     0.86     0.65     0.76     0.96     0.73     0.81     0.87     0.64     0.99     0.78     0.67     0.48     0.83     1.01     0.95     0.91     0.64     0.53     0.71     0.63     0.54     0.42     0.46     0.71 
