    3.23     4.00     3.56     3.37     3.92     4.34     3.96     3.74     4.23     4.68     4.15     4.52     4.44     5.07     4.12     4.93     4.52     4.40     4.40     4.07     4.30     3.85     3.49     3.69     3.17     4.09     3.70     3.30     3.09 
    2.84     3.66     4.25     3.79     3.53     4.34     4.43     4.29     4.45     4.98     4.35     4.72     4.78     5.57     4.70     5.10     4.74     4.79     4.68     4.46     4.39     4.05     3.94     3.46     4.13     4.34     3.61     3.40     3.25 
    3.47     3.11     4.03     4.72     4.00     4.30     5.10     4.77     4.68     5.09     4.71     5.05     5.13     6.06     5.34     5.39     5.08     5.12     5.13     4.83     4.72     4.44     4.25     4.22     4.81     3.96     3.59     3.43     3.27 
    3.86     3.88     3.56     4.46     5.07     4.62     5.26     5.39     4.87     5.14     5.35     5.31     5.54     6.21     5.80     5.87     5.74     5.65     5.54     5.15     5.07     4.91     4.45     5.01     4.45     3.89     3.75     3.55     3.49 
    4.01     4.20     4.58     3.98     4.89     5.36     5.08     5.96     5.72     5.27     5.78     5.80     6.11     6.65     6.12     6.36     6.52     6.23     5.89     5.52     5.35     5.03     5.36     4.90     4.43     4.28     3.86     3.67     3.73 
    4.24     4.50     4.58     4.97     4.67     5.39     5.76     6.25     6.80     6.19     6.27     6.74     6.91     7.37     6.86     6.71     7.05     6.67     6.19     5.87     5.81     6.11     5.71     5.10     5.05     4.66     4.13     4.13     4.42 
    3.90     4.10     4.71     5.04     5.48     5.22     5.95     6.43     7.12     7.31     6.92     7.33     7.61     7.91     7.51     7.59     7.81     7.22     6.64     6.47     6.44     6.34     5.73     5.60     5.17     4.92     4.60     4.84     4.35 
    3.88     4.10     4.49     5.09     5.43     6.26     6.56     7.05     7.47     7.96     7.66     7.53     8.62     8.97     8.73     8.67     8.79     7.94     7.41     7.45     7.25     6.53     5.96     5.66     5.62     5.58     4.94     4.17     3.88 
    3.76     4.28     4.76     4.91     5.45     6.15     7.06     7.73     7.70     8.54     9.00     8.61     9.59    10.21    10.10    10.02     9.68     8.78     8.70     8.36     7.59     7.08     6.11     6.08     5.82     5.18     4.65     4.37     4.35 
    3.94     4.37     4.54     4.79     5.41     6.12     7.03     8.04     8.92     9.27    10.41    10.38    10.64    11.79    11.54    11.39    10.52     9.97     9.96     9.15     8.28     7.45     7.14     6.49     5.44     5.32     5.08     4.74     4.33 
    3.90     4.41     4.81     5.28     5.45     6.00     6.68     7.67     9.14    10.38    11.61    12.87    12.72    13.99    14.09    14.03    12.35    11.69    10.85     9.85     8.79     7.62     6.95     6.87     6.18     5.56     5.01     4.82     4.77 
    4.68     4.81     4.81     5.04     5.48     6.05     6.76     7.56     8.65    10.73    12.71    15.17    16.57    17.90    18.65    17.71    15.53    13.89    11.85    10.35     9.15     8.13     7.38     6.69     5.86     5.52     5.27     4.84     4.21 
    4.59     5.04     5.27     5.64     6.14     6.74     7.04     7.84     8.46    10.15    12.86    17.16    21.79    25.61    28.35    25.16    20.21    15.97    13.00    11.07     9.21     7.99     7.12     6.61     5.91     5.42     5.16     4.85     4.46 
    4.54     4.89     5.08     5.53     6.15     6.90     7.49     8.70     9.75    11.26    13.37    17.93    27.25    42.31    51.84    38.99    25.69    18.25    14.04    11.33     9.56     8.30     7.27     6.41     5.94     5.63     5.22     4.84     4.67 
    4.85     5.36     5.81     6.31     6.86     7.39     7.97     9.16    10.28    12.01    14.91    19.71    30.97    59.16    99.94    53.24    29.84    19.22    14.05    11.43     9.68     8.53     7.62     6.92     6.23     5.83     5.41     5.04     4.88 
    4.32     4.76     5.33     5.84     6.58     7.36     8.05     9.10    10.10    11.66    14.51    19.33    29.20    53.77    68.65    49.02    28.18    18.60    14.06    11.49     9.88     8.49     7.53     6.64     5.82     5.38     4.99     4.71     4.45 
    4.41     4.81     5.41     5.72     6.20     6.68     7.26     8.29     9.37    11.24    13.70    17.72    24.14    33.74    39.35    30.96    23.35    17.85    14.06    11.44     9.61     8.57     7.83     6.75     6.23     5.88     5.37     5.13     4.59 
    4.22     4.64     5.17     5.38     5.72     6.17     7.00     8.07     9.36    10.99    12.82    15.44    18.38    22.35    23.67    21.35    17.59    14.63    12.54    11.03     9.72     8.70     7.70     6.76     6.06     5.45     5.03     4.70     4.52 
    4.04     4.39     4.89     5.33     5.88     6.37     6.97     7.96     9.36    10.41    11.32    12.63    14.61    17.42    16.79    16.23    14.15    12.93    10.82     9.63     8.65     7.90     7.03     6.57     6.23     5.95     5.51     4.85     4.08 
    4.24     4.81     5.14     5.26     5.27     6.12     7.13     7.84     8.53     9.18     9.75    10.63    12.58    13.87    13.02    12.75    11.69    11.12    10.45     8.98     7.99     7.25     6.44     6.14     5.95     5.53     5.09     5.02     4.71 
    4.65     4.59     4.31     4.81     5.77     6.41     6.92     7.55     7.38     8.08     8.67     9.51    11.18    11.19    10.86    10.56    10.22     9.35     9.69     8.66     7.64     6.85     6.15     5.53     5.22     5.20     4.86     4.41     4.05 
    3.67     3.87     4.93     5.69     5.89     6.15     6.75     6.67     7.01     7.41     7.94     8.77     9.81     9.22     9.34     9.32     8.58     8.49     8.30     8.15     7.30     6.59     5.63     5.49     4.87     4.71     4.64     4.17     3.97 
    4.05     4.61     4.85     5.27     5.48     5.75     5.78     6.41     6.57     6.76     7.30     8.14     8.46     8.24     8.26     8.35     7.60     7.61     7.36     7.61     6.84     6.60     5.68     5.09     4.85     4.64     4.22     3.99     3.86 
    4.01     4.35     4.63     4.93     5.32     5.05     5.63     6.13     6.05     6.19     7.02     7.60     7.70     7.33     7.22     7.65     7.19     6.66     7.03     6.75     6.99     6.31     6.22     5.42     4.71     4.67     4.06     3.71     3.64 
    3.98     4.21     4.46     4.66     4.79     4.87     5.48     5.20     5.56     5.96     6.87     7.27     6.88     6.41     6.38     7.17     6.61     6.07     6.18     6.07     6.32     6.15     5.64     5.83     4.91     4.31     4.43     3.64     3.58 
    3.77     4.20     4.16     4.19     4.20     5.12     4.70     4.81     5.00     5.75     6.11     6.46     6.13     5.88     5.75     6.77     5.95     5.68     5.55     5.34     5.70     5.50     5.22     4.86     5.08     4.49     3.62     4.02     3.61 
    3.83     3.87     3.89     3.84     4.79     4.51     4.50     4.60     4.77     5.33     5.57     5.82     5.43     5.55     5.37     6.37     5.44     5.59     5.32     4.97     5.36     5.23     4.98     4.45     4.52     4.77     3.93     3.10     3.66 
    3.55     3.69     3.54     4.15     4.14     3.96     4.23     4.35     4.59     4.83     5.16     5.25     4.89     5.03     4.98     5.98     4.98     5.04     5.01     4.73     4.63     5.12     4.50     4.28     4.14     4.32     4.33     3.68     2.72 
    3.46     3.33     3.49     3.93     3.49     3.94     3.89     4.09     4.26     4.32     4.88     4.85     4.31     4.89     4.42     5.64     4.83     4.62     4.78     4.45     4.10     4.54     4.46     4.00     3.88     3.98     3.90     3.97     3.56 
