        2766          64        2240           2
        2866          65        2366           0
        2850          63        2355           1
        2732          63        2219           1
        2802          72        2279           3
        2830          55        2328           3
        2844          69        2308           2
        2750          62        2238           0
        2736          73        2222           2
        2762          72        2213           0
        2810          52        2310           1
        2766          72        2242           1
        2706          70        2219           5
        2780          64        2242           2
        2772          57        2271           2
        2852          51        2341           0
        2770          63        2282           2
        2752          61        2281           1
        2942          46        2422           1
        2812          79        2268           2
        2850          78        2330           3
        2860          58        2354           0
        2948          59        2408           4
        2776          63        2272           1
        2860          68        2337           5
        2862          63        2332           2
        2718          63        2215           3
        2822          75        2285           2
        2800          72        2277           2
        2766          69        2268           3
        2732          52        2231           1
        2774          64        2248           1
        2924          66        2409           1
        2952          56        2419           4
        2866          66        2324           1
        2794          59        2301           3
        2736          60        2251           2
        2832          71        2333           0
        2854          60        2358           3
        2714          46        2273           3
        2744          55        2253           3
        2816          61        2319           2
        2766          57        2279           0
        2720          67        2215           1
        2672          55        2217           1
        2846          62        2326           1
        2782          59        2278           3
        2842          62        2336           0
        2844          67        2343           2
        2908          57        2428           2
        2864          75        2359           0
        2796          72        2277           1
        2776          57        2276           0
        2876          61        2395           2
        2778          60        2276           3
        2808          58        2341           2
        2926          63        2382           1
        2852          52        2350           1
        2870          58        2367           2
        2820          62        2264           0
        2762          58        2247           2
        2922          72        2430           3
        2830          67        2313           0
        2920          68        2378           2
        2814          57        2305           1
        2754          67        2231           0
        2814          58        2319           1
        2852          61        2351           2
        2782          75        2257           3
        2732          71        2215           1
        2906          63        2377           3
        2888          75        2341           3
        2878          59        2329           0
        2842          67        2344           4
        2806          78        2234           3
        2838          67        2283           1
        2806          63        2308           1
        2824          57        2318           2
        2832          60        2315           4
        2856          55        2349           2
        2898          74        2373           1
        2718          52        2221           2
        2842          67        2331           1
        2874          53        2353           1
        2754          64        2240           2
        2770          64        2259           1
        2772          57        2297           1
        2828          69        2305           3
        2764          73        2268           3
        2792          53        2296           1
