4.00000E+2	4.00000E+2	6.80000E+2
3.90000E+2	3.90000E+2	9.60000E+2
3.80000E+2	3.80000E+2	1.12000E+3
3.70000E+2	3.70000E+2	1.22000E+3
3.60000E+2	3.60000E+2	1.25000E+3
3.50000E+2	3.50000E+2	1.59000E+3
3.40000E+2	3.40000E+2	1.66000E+3
3.30000E+2	3.30000E+2	1.67000E+3
3.20000E+2	3.20000E+2	1.98000E+3
3.10000E+2	3.10000E+2	2.16000E+3
3.00000E+2	3.00000E+2	2.33000E+3
2.90000E+2	2.90000E+2	2.61000E+3
2.80000E+2	2.80000E+2	3.02000E+3
2.70000E+2	2.70000E+2	3.69000E+3
2.60000E+2	2.60000E+2	4.08000E+3
2.50000E+2	2.50000E+2	5.05000E+3
2.40000E+2	2.40000E+2	5.77000E+3
2.30000E+2	2.30000E+2	6.77000E+3
2.20000E+2	2.20000E+2	8.07000E+3
2.10000E+2	2.10000E+2	9.87000E+3
2.00000E+2	2.00000E+2	1.18100E+4
1.90000E+2	1.90000E+2	1.38900E+4
1.80000E+2	1.80000E+2	1.67300E+4
1.70000E+2	1.70000E+2	1.99300E+4
1.60000E+2	1.60000E+2	2.34700E+4
1.50000E+2	1.50000E+2	2.73500E+4
1.40000E+2	1.40000E+2	3.18600E+4
1.30000E+2	1.30000E+2	3.66700E+4
1.20000E+2	1.20000E+2	4.11400E+4
1.10000E+2	1.10000E+2	4.53800E+4
1.00000E+2	1.00000E+2	4.78800E+4
9.00000E+1	9.00000E+1	5.04700E+4
8.00000E+1	8.00000E+1	4.97600E+4
7.00000E+1	7.00000E+1	4.54100E+4
6.00000E+1	6.00000E+1	3.72700E+4
5.00000E+1	5.00000E+1	2.73000E+4
4.00000E+1	4.00000E+1	1.66800E+4
3.00000E+1	3.00000E+1	8.27000E+3
2.00000E+1	2.00000E+1	3.70000E+3
1.00000E+1	1.00000E+1	1.56000E+3
