5.00000E+2	5.00000E+2	3.52000E+3
4.90000E+2	4.90000E+2	3.77000E+3
4.80000E+2	4.80000E+2	3.77000E+3
4.70000E+2	4.70000E+2	4.06000E+3
4.60000E+2	4.60000E+2	4.42000E+3
4.50000E+2	4.50000E+2	4.42000E+3
4.40000E+2	4.40000E+2	4.70000E+3
4.30000E+2	4.30000E+2	4.94000E+3
4.20000E+2	4.20000E+2	4.91000E+3
4.10000E+2	4.10000E+2	5.37000E+3
4.00000E+2	4.00000E+2	5.87000E+3
3.90000E+2	3.90000E+2	6.26000E+3
3.80000E+2	3.80000E+2	6.62000E+3
3.70000E+2	3.70000E+2	6.96000E+3
3.60000E+2	3.60000E+2	7.58000E+3
3.50000E+2	3.50000E+2	8.15000E+3
3.40000E+2	3.40000E+2	8.86000E+3
3.30000E+2	3.30000E+2	9.62000E+3
3.20000E+2	3.20000E+2	1.04700E+4
3.10000E+2	3.10000E+2	1.14000E+4
3.00000E+2	3.00000E+2	1.28200E+4
2.90000E+2	2.90000E+2	1.37900E+4
2.80000E+2	2.80000E+2	1.52900E+4
2.70000E+2	2.70000E+2	1.70200E+4
2.60000E+2	2.60000E+2	1.88700E+4
2.50000E+2	2.50000E+2	2.06600E+4
2.40000E+2	2.40000E+2	2.26500E+4
2.30000E+2	2.30000E+2	2.52900E+4
2.20000E+2	2.20000E+2	2.77600E+4
2.10000E+2	2.10000E+2	3.06200E+4
2.00000E+2	2.00000E+2	3.35500E+4
1.90000E+2	1.90000E+2	3.64400E+4
1.80000E+2	1.80000E+2	3.95400E+4
1.70000E+2	1.70000E+2	4.16000E+4
1.60000E+2	1.60000E+2	4.48700E+4
1.50000E+2	1.50000E+2	4.68400E+4
1.40000E+2	1.40000E+2	4.81400E+4
1.30000E+2	1.30000E+2	4.85300E+4
1.20000E+2	1.20000E+2	4.78700E+4
1.10000E+2	1.10000E+2	4.60800E+4
1.00000E+2	1.00000E+2	4.29100E+4
9.00000E+1	9.00000E+1	3.80500E+4
8.00000E+1	8.00000E+1	3.18200E+4
7.00000E+1	7.00000E+1	2.47800E+4
6.00000E+1	6.00000E+1	1.72700E+4
5.00000E+1	5.00000E+1	1.11100E+4
4.00000E+1	4.00000E+1	6.33000E+3
3.00000E+1	3.00000E+1	3.21000E+3
2.00000E+1	2.00000E+1	1.60000E+3
1.00000E+1	1.00000E+1	7.60000E+2
