1.00000E+3	1.00000E+3	4.35100E+3
9.80000E+2	9.80000E+2	4.63200E+3
9.60000E+2	9.60000E+2	4.63400E+3
9.40000E+2	9.40000E+2	4.73100E+3
9.20000E+2	9.20000E+2	4.80700E+3
9.00000E+2	9.00000E+2	4.86300E+3
8.80000E+2	8.80000E+2	5.16200E+3
8.60000E+2	8.60000E+2	5.07500E+3
8.40000E+2	8.40000E+2	5.27800E+3
8.20000E+2	8.20000E+2	5.31600E+3
8.00000E+2	8.00000E+2	5.46600E+3
7.80000E+2	7.80000E+2	5.67100E+3
7.60000E+2	7.60000E+2	5.81800E+3
7.40000E+2	7.40000E+2	6.08200E+3
7.20000E+2	7.20000E+2	6.15200E+3
7.00000E+2	7.00000E+2	6.55900E+3
6.80000E+2	6.80000E+2	6.71300E+3
6.60000E+2	6.60000E+2	7.13400E+3
6.40000E+2	6.40000E+2	7.35200E+3
6.20000E+2	6.20000E+2	7.57000E+3
6.00000E+2	6.00000E+2	7.94500E+3
5.80000E+2	5.80000E+2	8.39700E+3
5.60000E+2	5.60000E+2	8.71600E+3
5.40000E+2	5.40000E+2	9.37100E+3
5.20000E+2	5.20000E+2	1.01770E+4
5.00000E+2	5.00000E+2	1.07280E+4
4.80000E+2	4.80000E+2	1.11330E+4
4.60000E+2	4.60000E+2	1.25540E+4
4.40000E+2	4.40000E+2	1.30510E+4
4.20000E+2	4.20000E+2	1.45120E+4
4.00000E+2	4.00000E+2	1.59710E+4
3.80000E+2	3.80000E+2	1.73790E+4
3.60000E+2	3.60000E+2	1.89810E+4
3.40000E+2	3.40000E+2	2.07440E+4
3.20000E+2	3.20000E+2	2.29750E+4
3.00000E+2	3.00000E+2	2.51590E+4
2.80000E+2	2.80000E+2	2.73080E+4
2.60000E+2	2.60000E+2	2.85830E+4
2.40000E+2	2.40000E+2	3.13440E+4
2.20000E+2	2.20000E+2	3.32340E+4
2.00000E+2	2.00000E+2	3.38030E+4
1.80000E+2	1.80000E+2	3.33400E+4
1.60000E+2	1.60000E+2	3.12980E+4
1.40000E+2	1.40000E+2	2.76150E+4
1.20000E+2	1.20000E+2	2.19460E+4
1.00000E+2	1.00000E+2	1.55150E+4
8.00000E+1	8.00000E+1	8.91100E+3
6.00000E+1	6.00000E+1	3.93700E+3
4.00000E+1	4.00000E+1	1.38900E+3
2.00000E+1	2.00000E+1	1.26000E+2
