1.00000E+3	1.00000E+3	1.42070E+4
9.80000E+2	9.80000E+2	1.44050E+4
9.60000E+2	9.60000E+2	1.48000E+4
9.40000E+2	9.40000E+2	1.49300E+4
9.20000E+2	9.20000E+2	1.53260E+4
9.00000E+2	9.00000E+2	1.56150E+4
8.80000E+2	8.80000E+2	1.59510E+4
8.60000E+2	8.60000E+2	1.61900E+4
8.40000E+2	8.40000E+2	1.67760E+4
8.20000E+2	8.20000E+2	1.71430E+4
8.00000E+2	8.00000E+2	1.74730E+4
7.80000E+2	7.80000E+2	1.80350E+4
7.60000E+2	7.60000E+2	1.81580E+4
7.40000E+2	7.40000E+2	1.87410E+4
7.20000E+2	7.20000E+2	1.92960E+4
7.00000E+2	7.00000E+2	1.98830E+4
6.80000E+2	6.80000E+2	2.03400E+4
6.60000E+2	6.60000E+2	2.11210E+4
6.40000E+2	6.40000E+2	2.14630E+4
6.20000E+2	6.20000E+2	2.21460E+4
6.00000E+2	6.00000E+2	2.27730E+4
5.80000E+2	5.80000E+2	2.27750E+4
5.60000E+2	5.60000E+2	2.36440E+4
5.40000E+2	5.40000E+2	2.51070E+4
5.20000E+2	5.20000E+2	2.58780E+4
5.00000E+2	5.00000E+2	2.68800E+4
4.80000E+2	4.80000E+2	2.74200E+4
4.60000E+2	4.60000E+2	2.79890E+4
4.40000E+2	4.40000E+2	2.92630E+4
4.20000E+2	4.20000E+2	3.01870E+4
4.00000E+2	4.00000E+2	3.09190E+4
3.80000E+2	3.80000E+2	3.12890E+4
3.60000E+2	3.60000E+2	3.21760E+4
3.40000E+2	3.40000E+2	3.25220E+4
3.20000E+2	3.20000E+2	3.25480E+4
3.00000E+2	3.00000E+2	3.24700E+4
2.80000E+2	2.80000E+2	3.19850E+4
2.60000E+2	2.60000E+2	3.05490E+4
2.40000E+2	2.40000E+2	2.92460E+4
2.20000E+2	2.20000E+2	2.63120E+4
2.00000E+2	2.00000E+2	2.41310E+4
1.80000E+2	1.80000E+2	2.05790E+4
1.60000E+2	1.60000E+2	1.66370E+4
1.40000E+2	1.40000E+2	1.26430E+4
1.20000E+2	1.20000E+2	8.54500E+3
1.00000E+2	1.00000E+2	5.04200E+3
8.00000E+1	8.00000E+1	2.61300E+3
6.00000E+1	6.00000E+1	1.51100E+3
4.00000E+1	4.00000E+1	2.17500E+3
2.00000E+1	2.00000E+1	1.87600E+3
