2.00000E+3	2.00000E+3	2.93900E+3
1.95000E+3	1.95000E+3	2.92700E+3
1.90000E+3	1.90000E+3	3.27200E+3
1.85000E+3	1.85000E+3	3.26700E+3
1.80000E+3	1.80000E+3	3.42900E+3
1.75000E+3	1.75000E+3	3.73800E+3
1.70000E+3	1.70000E+3	3.81000E+3
1.65000E+3	1.65000E+3	3.80000E+3
1.60000E+3	1.60000E+3	4.05400E+3
1.55000E+3	1.55000E+3	4.33000E+3
1.50000E+3	1.50000E+3	4.31900E+3
1.45000E+3	1.45000E+3	4.54700E+3
1.40000E+3	1.40000E+3	4.84800E+3
1.35000E+3	1.35000E+3	4.85200E+3
1.30000E+3	1.30000E+3	5.02800E+3
1.25000E+3	1.25000E+3	4.91700E+3
1.20000E+3	1.20000E+3	5.12200E+3
1.15000E+3	1.15000E+3	5.59000E+3
1.10000E+3	1.10000E+3	5.71000E+3
1.05000E+3	1.05000E+3	5.65000E+3
1.00000E+3	1.00000E+3	5.53000E+3
9.50000E+2	9.50000E+2	5.90000E+3
9.00000E+2	9.00000E+2	5.75000E+3
8.50000E+2	8.50000E+2	5.81000E+3
8.00000E+2	8.00000E+2	5.55000E+3
7.50000E+2	7.50000E+2	5.47000E+3
7.00000E+2	7.00000E+2	5.13000E+3
6.50000E+2	6.50000E+2	4.89000E+3
6.00000E+2	6.00000E+2	4.75000E+3
5.50000E+2	5.50000E+2	4.04000E+3
5.00000E+2	5.00000E+2	3.59000E+3
4.50000E+2	4.50000E+2	3.12000E+3
4.00000E+2	4.00000E+2	2.70000E+3
3.50000E+2	3.50000E+2	1.82000E+3
3.00000E+2	3.00000E+2	1.25000E+3
2.50000E+2	2.50000E+2	7.10000E+2
2.00000E+2	2.00000E+2	3.60000E+2
1.50000E+2	1.50000E+2	4.00000E+1
1.00000E+2	1.00000E+2	2.00000E+2
5.00000E+1	5.00000E+1	-6.00000E+1
