2.00000e+2	2.00000e+2	1.77600e+3
1.95000e+2	1.95000e+2	1.47400e+3
1.90000e+2	1.90000e+2	1.86100e+3
1.85000e+2	1.85000e+2	1.58500e+3
1.80000e+2	1.80000e+2	1.78500e+3
1.75000e+2	1.75000e+2	1.84900e+3
1.70000e+2	1.70000e+2	1.76300e+3
1.65000e+2	1.65000e+2	1.68300e+3
1.60000e+2	1.60000e+2	1.68700e+3
1.55000e+2	1.55000e+2	1.55200e+3
1.50000e+2	1.50000e+2	1.72800e+3
1.45000e+2	1.45000e+2	1.78600e+3
1.40000e+2	1.40000e+2	1.85300e+3
1.35000e+2	1.35000e+2	1.85800e+3
1.30000e+2	1.30000e+2	2.16800e+3
1.25000e+2	1.25000e+2	1.77600e+3
1.20000e+2	1.20000e+2	1.65500e+3
1.15000e+2	1.15000e+2	1.60000e+3
1.10000e+2	1.10000e+2	1.92300e+3
1.05000e+2	1.05000e+2	1.76000e+3
1.00000e+2	1.00000e+2	1.90800e+3
9.50000e+1	9.50000e+1	1.77600e+3
9.00000e+1	9.00000e+1	1.87400e+3
8.50000e+1	8.50000e+1	2.07600e+3
8.00000e+1	8.00000e+1	2.00900e+3
7.50000e+1	7.50000e+1	1.76400e+3
7.00000e+1	7.00000e+1	2.54100e+3
6.50000e+1	6.50000e+1	2.44800e+3
6.00000e+1	6.00000e+1	4.51300e+3
5.50000e+1	5.50000e+1	4.29700e+3
5.00000e+1	5.00000e+1	9.27200e+3
4.50000e+1	4.50000e+1	8.63500e+3
4.00000e+1	4.00000e+1	2.20830e+4
3.50000e+1	3.50000e+1	2.06540e+4
3.00000e+1	3.00000e+1	4.24290e+4
2.50000e+1	2.50000e+1	3.78420e+4
2.00000e+1	2.00000e+1	4.48940e+4
1.50000e+1	1.50000e+1	4.17970e+4
1.00000e+1	1.00000e+1	1.98730e+4
