    0.42     0.42     0.41     0.38     0.69     0.68     0.63     0.60     0.65     0.44     0.59     0.83     0.50     0.45     0.68     0.77     0.86     0.69     0.57     0.64     0.70     0.69     0.74     0.71     0.85     0.73     0.77     0.63     0.65     0.45     0.56     0.85     0.90     0.64     0.66     0.81     0.73     0.83     0.77     0.70     0.68     0.82     0.82     0.94     0.79     0.84     0.81     0.69     0.66     0.62     0.51     0.47     0.53     0.37     0.45     0.36     0.25     0.21     0.25 
    0.36     0.36     0.39     0.34     0.43     0.68     0.75     0.72     0.72     0.65     0.49     0.65     0.65     0.46     0.54     0.72     0.78     0.78     0.60     0.61     0.66     0.70     0.83     0.92     1.04     0.77     0.92     0.90     0.84     0.63     0.86     1.01     0.86     0.68     0.77     0.95     0.70     1.03     0.81     0.78     0.91     1.01     1.06     0.99     0.82     0.74     0.71     0.57     0.64     0.52     0.39     0.49     0.37     0.36     0.32     0.22     0.18     0.22     0.35 
    0.29     0.31     0.31     0.29     0.24     0.38     0.58     0.74     0.75     0.71     0.57     0.66     0.71     0.53     0.48     0.68     0.67     1.00     0.77     0.67     0.62     0.69     0.76     0.89     1.16     0.95     0.98     0.95     1.16     1.20     1.17     1.13     0.90     0.92     1.06     1.07     1.02     1.04     0.85     0.91     1.09     1.00     0.87     0.68     0.63     0.66     0.49     0.46     0.47     0.36     0.37     0.39     0.29     0.35     0.32     0.28     0.25     0.35     0.40 
    0.45     0.40     0.44     0.42     0.37     0.32     0.41     0.55     0.69     0.76     0.68     0.62     0.90     0.69     0.55     0.69     0.66     0.80     0.94     0.93     0.81     0.69     0.74     0.91     1.09     1.02     0.86     1.17     1.32     1.52     1.44     1.47     1.22     1.18     1.13     1.04     1.06     1.08     0.97     1.01     0.91     0.73     0.64     0.62     0.71     0.45     0.41     0.53     0.43     0.41     0.45     0.41     0.44     0.43     0.41     0.32     0.35     0.39     0.39 
    0.52     0.51     0.49     0.54     0.48     0.45     0.46     0.49     0.58     0.76     0.72     0.64     0.71     0.82     0.69     0.67     0.69     0.72     0.88     0.79     0.92     0.83     0.83     0.98     1.25     1.33     1.17     1.53     1.60     1.72     1.79     1.74     1.20     1.13     1.29     1.32     1.26     1.09     0.87     0.94     0.77     0.72     0.65     0.74     0.61     0.48     0.64     0.47     0.45     0.48     0.53     0.44     0.42     0.40     0.23     0.24     0.34     0.38     0.33 
    0.42     0.53     0.51     0.55     0.65     0.54     0.59     0.61     0.63     0.81     0.88     0.81     0.77     0.78     0.73     0.75     0.75     0.57     0.92     0.86     0.90     0.89     0.89     1.04     1.23     1.62     1.38     1.45     1.89     1.95     2.10     1.79     1.28     1.43     1.52     1.24     1.28     0.94     0.93     0.90     0.69     0.69     0.74     0.82     0.57     0.70     0.52     0.51     0.63     0.63     0.53     0.52     0.50     0.38     0.37     0.48     0.52     0.50     0.52 
    0.36     0.42     0.49     0.43     0.52     0.53     0.49     0.53     0.47     0.44     0.72     0.67     0.73     0.89     0.79     0.80     1.04     0.86     0.79     0.90     0.89     0.86     0.86     0.93     1.11     1.42     1.19     1.28     1.56     1.83     1.86     1.65     1.37     1.46     1.44     1.21     1.21     0.88     0.99     0.75     0.77     0.79     0.82     0.68     0.65     0.54     0.45     0.60     0.56     0.55     0.46     0.44     0.38     0.36     0.47     0.52     0.49     0.50     0.59 
    0.39     0.35     0.45     0.47     0.44     0.56     0.49     0.61     0.63     0.54     0.71     0.77     0.74     0.87     0.84     0.66     0.84     1.06     1.01     1.10     0.94     1.06     1.03     1.16     0.96     1.26     1.55     1.68     1.29     1.61     1.85     1.72     1.72     1.77     1.47     1.24     1.03     0.91     1.00     0.85     0.97     1.01     0.96     0.86     0.70     0.54     0.66     0.71     0.65     0.58     0.50     0.47     0.43     0.51     0.58     0.50     0.54     0.65     0.67 
    0.31     0.34     0.36     0.41     0.42     0.55     0.55     0.57     0.70     0.65     0.59     0.76     0.72     0.80     0.95     0.66     0.65     0.72     0.87     1.11     0.95     1.01     0.91     0.91     0.85     1.04     1.44     1.52     1.33     1.66     1.86     1.64     1.68     1.74     1.59     1.17     0.91     0.85     0.65     0.70     0.85     0.94     0.92     0.86     0.65     0.66     0.69     0.70     0.70     0.62     0.58     0.55     0.62     0.67     0.56     0.67     0.73     0.61     0.46 
    0.42     0.33     0.35     0.52     0.50     0.47     0.53     0.47     0.55     0.55     0.54     0.70     0.75     0.71     0.89     0.82     0.67     0.78     0.66     0.93     1.11     1.06     0.69     0.72     1.09     1.11     1.08     1.41     1.67     2.00     2.02     1.56     1.58     1.60     1.49     1.18     0.97     0.99     0.87     1.05     0.97     0.85     0.89     0.67     0.70     0.79     0.73     0.65     0.61     0.59     0.66     0.75     0.75     0.64     0.71     0.72     0.52     0.44     0.50 
    0.66     0.61     0.42     0.34     0.53     0.49     0.58     0.61     0.74     0.74     0.67     0.65     0.71     0.72     0.70     0.85     0.67     0.71     0.69     0.91     1.09     1.13     1.08     0.85     1.07     1.14     1.27     1.51     2.12     2.23     1.88     1.52     1.56     1.60     1.32     1.30     1.13     1.02     1.07     1.09     1.15     1.04     0.80     0.66     0.74     0.81     0.71     0.79     0.77     0.75     0.70     0.55     0.47     0.50     0.55     0.41     0.42     0.50     0.54 
    0.40     0.54     0.57     0.38     0.43     0.61     0.55     0.60     0.61     0.77     0.69     0.66     0.78     0.77     0.80     0.91     0.79     0.84     0.89     0.82     1.17     1.11     1.26     1.10     1.29     1.33     1.55     1.82     2.24     2.28     2.02     1.60     1.43     1.47     1.33     1.17     1.10     1.13     1.22     1.11     1.01     0.93     0.84     0.88     0.85     0.62     0.48     0.70     0.75     0.82     0.66     0.61     0.57     0.55     0.44     0.48     0.55     0.63     0.64 
    0.51     0.54     0.60     0.63     0.41     0.44     0.45     0.37     0.39     0.53     0.66     0.75     0.81     0.73     0.78     0.91     1.00     1.13     1.11     0.97     1.31     1.32     1.35     1.23     1.34     1.48     1.50     1.65     2.12     2.47     2.21     1.69     1.33     1.44     1.41     1.29     1.36     1.39     1.11     1.15     0.98     0.82     0.81     0.75     0.60     0.52     0.66     0.85     0.79     0.61     0.63     0.62     0.61     0.64     0.63     0.61     0.66     0.64     0.56 
    0.66     0.69     0.75     0.76     0.71     0.56     0.72     0.67     0.64     0.62     0.69     0.72     0.79     0.94     1.05     1.16     1.32     1.12     1.28     1.15     1.20     1.35     1.37     1.20     1.19     1.39     1.54     1.68     1.89     2.30     1.99     1.64     1.43     1.49     1.52     1.42     1.41     1.20     1.21     1.11     0.99     0.97     0.84     0.70     0.75     0.75     1.02     0.89     0.76     0.79     0.66     0.63     0.76     0.77     0.80     0.88     0.84     0.67     0.51 
    0.65     0.55     0.54     0.69     0.80     0.77     0.74     0.84     0.79     0.72     0.79     0.85     0.83     0.95     1.02     1.14     1.20     1.11     1.17     0.99     0.89     1.31     1.44     1.34     1.14     1.14     1.51     1.79     2.06     2.19     2.05     1.70     1.31     1.28     1.13     1.19     0.99     1.01     1.08     1.02     1.07     0.97     0.89     0.87     0.70     0.74     0.80     0.60     0.65     0.62     0.58     0.66     0.66     0.65     0.69     0.69     0.64     0.65     0.72 
    0.67     0.74     0.71     0.64     0.73     0.76     0.74     0.76     0.88     0.94     0.80     0.77     0.79     0.81     0.73     0.94     0.98     0.97     1.02     1.28     1.27     1.50     1.57     1.37     1.25     1.38     1.37     1.70     1.95     1.99     1.90     1.62     1.35     1.24     1.38     1.19     1.06     0.96     1.07     1.15     0.99     0.68     0.66     0.65     0.61     0.76     0.75     0.61     0.50     0.44     0.52     0.61     0.61     0.66     0.67     0.53     0.46     0.46     0.43 
    0.44     0.54     0.59     0.62     0.60     0.72     0.71     0.67     0.62     0.80     0.89     0.91     0.88     0.95     0.92     0.79     0.98     1.10     0.99     1.36     1.30     1.21     1.44     1.29     1.11     1.52     1.49     1.70     1.80     1.79     1.86     1.78     1.65     1.49     1.33     1.07     1.11     1.05     1.01     1.05     0.96     0.76     0.83     0.65     0.70     0.80     0.79     0.72     0.77     0.86     0.73     0.63     0.59     0.64     0.62     0.63     0.59     0.48     0.43 
    0.51     0.45     0.54     0.53     0.49     0.42     0.53     0.65     0.67     0.71     0.84     0.94     1.03     1.16     1.26     0.96     0.98     1.04     1.13     1.10     1.12     1.23     1.29     1.44     1.26     1.39     1.53     1.56     1.84     1.63     1.88     1.72     1.62     1.41     1.22     1.08     1.11     1.11     1.14     0.99     0.80     0.88     0.87     0.74     0.82     0.75     0.66     0.58     0.67     0.68     0.72     0.67     0.67     0.66     0.60     0.53     0.51     0.58     0.62 
    0.65     0.53     0.47     0.55     0.61     0.72     0.66     0.65     0.74     0.94     0.92     0.86     1.05     0.89     0.99     1.04     1.06     1.34     1.34     1.10     1.27     1.30     1.30     1.66     1.37     1.32     1.50     1.49     1.66     1.52     1.71     1.92     1.78     1.42     1.19     1.29     1.15     1.21     1.17     0.92     0.82     0.82     0.73     0.78     0.75     0.64     0.64     0.67     0.61     0.71     0.66     0.69     0.71     0.55     0.47     0.43     0.43     0.46     0.52 
    0.63     0.57     0.50     0.57     0.70     0.67     0.77     0.82     0.76     0.72     0.91     0.95     0.74     0.77     0.81     1.05     1.01     1.09     1.25     1.35     1.20     1.13     1.37     1.58     1.37     1.17     1.35     1.43     1.62     1.62     1.68     1.92     1.80     1.60     1.33     1.44     1.14     1.15     1.08     0.87     0.71     0.62     0.69     0.79     0.88     0.86     0.76     0.61     0.67     0.73     0.60     0.68     0.61     0.48     0.33     0.27     0.28     0.33     0.40 
    0.70     0.83     0.82     0.63     0.61     0.77     0.85     0.96     0.91     0.73     0.67     0.75     0.89     0.95     0.88     1.02     1.02     1.09     1.05     0.92     0.85     0.98     1.31     1.50     1.54     1.33     1.50     1.75     1.83     1.86     1.53     1.57     1.62     1.58     1.56     1.24     1.12     1.23     1.08     0.89     0.69     0.73     0.83     0.82     0.79     0.84     0.71     0.57     0.56     0.60     0.63     0.47     0.34     0.36     0.46     0.46     0.43     0.46     0.46 
    0.86     0.87     0.93     1.02     0.85     0.76     0.72     0.70     0.94     0.78     0.65     0.63     0.79     0.94     0.94     0.96     1.13     1.14     1.11     1.19     1.10     0.99     1.23     1.49     1.82     1.47     1.48     1.64     1.73     1.94     1.75     1.72     1.74     1.40     1.43     1.26     1.34     1.25     1.05     0.90     0.85     0.83     0.82     0.85     0.59     0.57     0.60     0.71     0.64     0.56     0.46     0.30     0.25     0.25     0.31     0.49     0.61     0.51     0.48 
    0.77     0.87     0.81     0.74     0.80     0.68     0.67     0.74     0.59     0.81     0.85     0.79     0.73     0.84     1.01     0.96     1.23     1.21     1.38     1.45     1.45     1.33     1.28     1.39     1.57     1.45     1.61     1.84     1.93     2.05     1.96     1.65     1.88     1.75     1.57     1.30     1.46     1.22     0.84     0.74     0.87     0.86     0.90     0.76     0.75     0.58     0.55     0.65     0.58     0.57     0.44     0.42     0.44     0.47     0.60     0.64     0.65     0.78     0.74 
    0.63     0.65     0.76     0.78     0.69     0.74     0.74     0.76     0.98     1.00     1.12     1.02     0.91     0.90     1.04     1.16     1.04     1.08     1.23     1.26     1.50     1.55     1.18     1.36     1.47     1.34     1.58     1.97     2.06     2.15     1.86     1.70     1.76     1.56     1.28     1.27     1.27     1.28     1.08     0.95     1.01     1.03     0.96     0.86     0.95     0.94     0.80     0.64     0.72     0.79     0.66     0.62     0.69     0.85     0.78     0.71     0.71     0.62     0.60 
    0.58     0.55     0.62     0.72     0.80     0.82     0.94     1.04     1.08     1.02     0.98     1.09     1.07     1.06     1.13     1.22     1.08     1.11     1.06     1.06     1.17     1.29     1.22     1.36     1.48     1.60     1.52     1.87     1.88     2.04     1.70     1.80     1.57     1.36     1.42     1.25     1.36     1.20     1.03     1.04     0.99     1.12     1.10     1.07     1.05     1.14     1.09     0.95     0.80     0.72     0.77     0.64     0.63     0.62     0.68     0.63     0.52     0.47     0.40 
    0.76     0.73     0.71     0.90     1.05     1.06     1.10     0.98     0.90     0.88     0.77     0.80     0.77     0.85     0.96     1.11     1.24     1.18     1.07     1.32     1.29     1.27     1.27     1.18     1.33     1.62     1.53     2.02     2.27     2.12     1.74     1.87     1.86     1.56     1.51     1.54     1.35     0.90     1.06     1.20     1.08     1.03     1.04     0.96     0.81     0.89     0.90     1.01     0.97     0.86     0.80     0.78     0.70     0.57     0.49     0.54     0.56     0.47     0.47 
    0.71     0.83     0.88     0.74     0.84     1.02     0.89     0.78     0.70     0.73     0.85     1.00     1.07     0.97     1.06     1.07     0.96     0.88     0.89     1.13     1.28     1.26     1.34     1.27     1.30     1.58     1.57     2.02     2.25     2.01     1.79     1.95     1.69     1.63     1.58     1.63     1.20     0.87     1.09     1.26     1.19     1.21     0.94     0.77     0.87     0.82     1.03     1.06     0.86     0.83     0.94     0.94     0.87     0.73     0.59     0.44     0.36     0.35     0.29 
    0.61     0.57     0.69     0.80     0.79     0.82     0.75     0.62     0.72     0.88     1.01     1.12     1.11     1.07     0.93     0.86     0.87     0.89     1.01     0.99     1.14     1.23     1.34     1.47     1.60     1.61     1.79     2.17     2.32     2.21     2.22     1.91     1.64     1.44     1.38     1.22     1.07     1.12     1.05     1.20     1.32     1.16     1.04     1.11     1.01     0.98     0.77     0.69     0.79     0.82     0.93     0.87     0.93     0.95     0.84     0.66     0.56     0.60     0.66 
    0.79     0.80     0.79     0.79     0.73     0.58     0.64     0.76     0.67     0.72     0.62     0.61     0.77     1.00     0.92     0.78     0.84     0.96     1.10     0.90     0.87     1.10     1.37     1.48     1.84     1.65     2.15     2.30     2.22     1.99     2.00     1.65     1.66     1.29     1.53     1.51     1.18     1.16     1.08     1.14     1.15     1.00     1.01     1.13     1.11     0.91     0.72     0.53     0.67     0.93     0.98     0.81     0.73     0.73     0.65     0.68     0.65     0.48     0.40 
    0.69     0.79     0.68     0.61     0.64     0.74     0.91     1.02     0.97     0.66     0.59     0.69     0.84     0.80     0.80     0.77     0.94     1.06     1.03     1.01     1.09     1.23     1.25     1.35     1.92     2.06     2.30     2.56     2.05     1.54     1.76     1.55     1.83     1.54     1.54     1.21     1.21     1.21     1.19     1.04     1.10     1.17     1.12     1.02     1.03     0.96     0.87     0.96     0.89     0.80     0.92     0.95     0.81     0.69     0.83     0.76     0.70     0.73     0.73 
    0.82     0.74     0.71     0.67     0.72     0.81     0.75     0.89     1.03     1.07     0.93     0.78     0.80     0.77     0.84     0.98     0.91     0.97     0.97     1.12     1.11     1.53     1.62     1.54     1.73     2.14     2.19     2.48     2.07     1.47     1.60     1.62     1.79     1.41     1.18     0.95     1.20     1.26     1.24     1.03     0.86     0.95     0.95     0.86     0.75     0.73     0.93     1.04     1.02     0.94     0.88     0.75     0.83     0.82     0.70     0.81     0.82     0.73     0.60 
    0.75     0.73     0.78     0.89     0.86     0.74     0.74     0.66     0.79     1.08     1.21     1.06     0.98     0.84     0.97     1.07     1.07     1.15     1.15     1.15     1.23     1.30     1.47     1.72     1.75     2.27     2.48     2.27     2.27     1.63     1.62     1.67     1.53     1.43     1.29     1.02     1.12     1.03     0.87     0.87     0.74     0.93     0.86     0.76     0.81     0.75     0.68     0.68     0.77     0.76     0.78     0.79     0.70     0.66     0.64     0.53     0.56     0.51     0.50 
    0.44     0.59     0.72     0.68     0.57     0.60     0.62     0.60     0.60     0.74     0.94     1.08     1.03     1.02     0.95     0.91     0.97     1.01     1.24     1.32     1.42     1.31     1.32     1.79     1.61     2.01     2.62     2.40     2.26     2.04     1.81     1.63     1.33     1.60     1.71     1.35     0.99     0.87     0.86     0.80     0.89     0.87     0.95     0.91     0.78     0.75     0.81     0.78     0.77     0.77     0.61     0.46     0.53     0.65     0.71     0.68     0.56     0.61     0.62 
    0.64     0.56     0.57     0.53     0.52     0.59     0.63     0.68     0.64     0.54     0.71     0.82     0.96     0.92     0.81     0.88     1.06     1.13     1.34     1.45     1.45     1.23     1.24     1.57     1.47     1.88     2.03     2.06     1.92     1.96     1.50     1.46     1.33     1.67     1.61     1.39     0.98     0.86     0.87     0.90     0.94     0.85     0.87     0.84     0.94     0.91     0.85     0.79     0.61     0.54     0.72     0.73     0.59     0.56     0.60     0.69     0.79     0.77     0.75 
    0.64     0.52     0.45     0.53     0.69     0.66     0.63     0.69     0.83     0.84     0.80     0.96     0.88     0.78     0.70     0.88     1.01     1.20     1.16     1.30     1.35     1.23     1.37     1.37     1.76     1.84     1.89     1.94     1.94     1.93     1.76     1.66     1.29     1.37     1.39     1.24     1.24     0.95     0.87     0.77     0.78     0.87     0.78     0.96     1.13     1.05     0.84     0.64     0.46     0.41     0.55     0.72     0.59     0.50     0.51     0.60     0.64     0.74     0.82 
    0.46     0.57     0.53     0.57     0.57     0.58     0.61     0.59     0.57     0.77     0.86     0.75     0.73     0.89     1.07     1.09     1.05     1.03     0.92     0.94     1.06     1.02     1.29     1.21     1.68     1.85     2.04     2.05     2.13     1.91     1.63     1.64     1.68     1.48     1.30     1.19     1.38     1.24     0.92     0.74     0.82     0.96     0.84     0.92     0.80     0.85     0.75     0.71     0.87     0.81     0.61     0.60     0.66     0.61     0.48     0.40     0.53     0.50     0.50 
    0.48     0.47     0.56     0.53     0.48     0.55     0.61     0.66     0.68     0.65     0.80     0.88     0.88     1.05     1.20     1.03     0.84     0.88     0.87     0.97     0.99     1.03     1.17     1.26     1.49     2.02     2.03     1.90     1.82     1.82     1.63     1.65     1.66     1.46     1.29     1.29     1.35     1.44     1.15     0.90     0.71     0.85     0.89     0.72     0.71     0.64     0.69     0.70     0.69     0.67     0.63     0.56     0.52     0.65     0.75     0.67     0.50     0.52     0.51 
    0.55     0.70     0.64     0.58     0.62     0.67     0.71     0.90     1.00     0.97     0.78     0.77     0.81     0.99     0.82     0.84     0.90     0.73     0.93     1.00     1.00     1.29     1.38     1.62     1.76     2.09     2.14     1.98     1.83     1.89     1.50     1.46     1.62     1.42     1.31     1.34     1.23     1.51     1.37     1.32     1.01     0.76     0.73     0.73     0.67     0.71     0.82     0.75     0.74     0.77     0.77     0.72     0.70     0.68     0.61     0.59     0.54     0.47     0.54 
    0.50     0.47     0.55     0.66     0.76     0.82     0.79     0.73     0.82     0.91     0.83     0.76     0.95     0.88     0.77     0.94     0.94     0.88     0.82     0.95     0.95     1.38     1.59     1.67     1.71     1.92     2.20     2.11     2.07     1.89     1.93     1.46     1.57     1.20     1.25     1.11     1.00     1.05     1.29     1.25     1.10     0.84     0.76     0.83     0.66     0.75     0.84     0.89     0.68     0.68     0.79     0.76     0.53     0.40     0.40     0.42     0.52     0.49     0.40 
    0.81     0.76     0.74     0.70     0.77     0.83     0.95     0.88     0.81     0.76     0.91     1.04     0.92     0.81     0.99     0.91     0.76     0.85     1.02     1.00     1.15     1.56     1.64     1.54     1.78     2.05     2.11     2.28     1.97     1.78     1.93     1.56     1.52     1.07     1.20     1.16     1.07     1.00     1.12     1.06     1.13     0.90     0.89     0.93     0.90     0.78     0.69     0.77     0.72     0.59     0.64     0.80     0.78     0.73     0.72     0.65     0.58     0.66     0.69 
    0.71     0.66     0.64     0.71     0.66     0.73     0.86     0.90     0.83     0.79     0.69     0.85     0.90     0.86     0.96     0.89     0.95     1.08     1.34     1.17     1.25     1.48     1.57     1.52     1.76     1.86     1.89     2.29     1.90     1.77     1.77     1.58     1.38     1.15     1.13     1.16     1.10     1.09     1.00     1.01     1.12     1.08     0.93     0.95     0.98     0.79     0.67     0.70     0.80     0.61     0.47     0.55     0.70     0.63     0.58     0.66     0.69     0.69     0.72 
    0.44     0.47     0.59     0.65     0.78     0.83     0.79     0.80     0.79     0.65     0.74     0.69     0.77     0.99     0.81     0.81     0.97     1.16     0.94     1.11     1.51     1.52     1.38     1.38     1.77     1.72     1.85     2.28     1.94     1.58     1.85     1.55     1.34     1.40     1.40     1.38     1.05     0.92     0.89     1.11     1.22     0.83     0.70     0.75     0.76     0.73     0.67     0.64     0.76     0.81     0.68     0.56     0.54     0.65     0.70     0.60     0.53     0.46     0.50 
    0.50     0.70     0.73     0.82     0.84     0.80     0.73     0.59     0.47     0.56     0.57     0.51     0.70     0.66     0.71     0.69     0.77     0.89     1.06     1.11     1.18     1.21     1.14     1.33     1.54     1.63     1.89     2.28     2.02     1.56     1.82     1.68     1.27     1.36     1.21     1.07     1.03     0.92     1.02     1.06     1.02     1.06     0.84     0.62     0.71     0.84     0.79     0.72     0.75     0.84     0.77     0.78     0.73     0.59     0.59     0.69     0.72     0.64     0.42 
    0.58     0.55     0.55     0.62     0.57     0.45     0.42     0.47     0.58     0.61     0.65     0.80     0.60     0.44     0.52     0.72     0.90     0.91     0.96     0.97     1.15     1.04     1.30     1.60     1.40     1.44     1.90     2.34     2.25     1.70     1.38     1.44     1.36     1.38     1.12     1.23     1.06     1.11     1.02     0.87     0.96     1.01     0.84     0.69     0.59     0.66     0.73     0.72     0.66     0.88     0.96     0.79     0.74     0.72     0.64     0.55     0.55     0.64     0.62 
    0.63     0.62     0.71     0.65     0.54     0.46     0.42     0.42     0.52     0.61     0.76     0.67     0.76     0.76     0.76     0.88     0.98     0.99     0.86     0.93     1.14     1.19     1.37     1.96     1.76     1.52     1.71     2.21     2.17     1.64     1.45     1.43     1.50     1.30     0.98     1.00     1.14     1.11     0.87     0.93     0.87     0.96     0.97     0.72     0.78     0.81     0.84     0.83     0.79     0.67     0.81     0.86     0.77     0.71     0.67     0.65     0.64     0.61     0.69 
    0.52     0.68     0.70     0.58     0.53     0.51     0.50     0.56     0.59     0.65     0.54     0.58     0.62     0.74     0.93     0.89     0.77     0.73     0.81     0.98     1.03     1.14     1.30     1.49     1.62     1.51     1.89     1.91     2.05     1.90     1.34     1.16     1.16     1.21     1.14     1.12     0.98     0.90     0.87     0.85     0.80     0.88     1.09     0.86     0.63     0.70     0.66     0.58     0.49     0.51     0.51     0.61     0.50     0.51     0.44     0.33     0.32     0.38     0.41 
    0.80     0.78     0.64     0.53     0.62     0.61     0.64     0.65     0.62     0.63     0.57     0.58     0.51     0.73     0.84     0.87     0.76     0.75     0.75     0.97     1.13     1.09     1.14     1.25     1.34     1.55     1.65     1.57     1.97     1.85     1.35     1.18     1.23     1.46     1.30     1.22     1.15     0.94     0.91     0.75     0.77     0.75     0.86     0.90     0.62     0.46     0.57     0.54     0.46     0.35     0.40     0.60     0.56     0.46     0.50     0.47     0.29     0.20     0.31 
    0.57     0.46     0.38     0.46     0.52     0.59     0.72     0.80     0.91     0.92     0.90     0.67     0.66     0.73     0.59     0.62     0.66     0.77     0.91     1.16     1.23     1.15     1.25     1.19     1.38     1.78     1.47     1.37     1.67     1.64     1.62     1.61     1.47     1.39     1.27     1.03     1.04     0.91     0.94     0.87     0.80     0.68     0.80     0.82     0.65     0.45     0.47     0.59     0.51     0.42     0.40     0.41     0.57     0.40     0.39     0.54     0.59     0.45     0.26 
    0.42     0.36     0.33     0.38     0.37     0.53     0.61     0.67     0.69     0.66     0.67     0.81     0.82     0.75     0.61     0.60     0.71     0.84     1.15     1.36     1.25     1.14     1.40     1.35     1.54     2.03     1.73     1.50     1.91     1.76     1.73     1.43     1.51     1.24     1.14     0.88     1.10     1.05     1.04     0.99     1.08     0.78     0.69     0.92     0.86     0.62     0.48     0.56     0.64     0.54     0.30     0.34     0.47     0.54     0.33     0.35     0.47     0.52     0.48 
    0.50     0.41     0.44     0.51     0.52     0.55     0.55     0.53     0.47     0.46     0.55     0.58     0.67     0.69     0.76     0.86     0.95     0.96     1.00     1.15     1.01     1.29     1.22     1.24     1.53     1.90     1.76     1.75     2.07     1.82     1.45     1.52     1.54     1.51     1.31     1.01     0.96     0.99     0.87     0.76     0.92     0.98     0.80     0.77     1.01     0.85     0.67     0.61     0.63     0.67     0.66     0.51     0.52     0.71     0.61     0.54     0.53     0.59     0.62 
    0.28     0.28     0.41     0.38     0.50     0.56     0.57     0.53     0.55     0.53     0.51     0.59     0.66     0.60     0.86     1.12     1.07     1.08     1.15     1.16     1.08     1.20     1.26     1.36     1.52     1.70     1.82     1.62     1.85     1.71     1.15     1.59     1.36     1.53     1.39     1.23     0.99     1.09     1.00     0.79     0.78     0.94     0.91     0.79     0.96     0.99     0.83     0.72     0.81     0.82     0.80     0.77     0.61     0.61     0.69     0.54     0.60     0.61     0.57 
    0.45     0.59     0.57     0.63     0.71     0.64     0.70     0.74     0.67     0.67     0.69     0.71     0.73     0.77     0.98     0.93     1.02     1.08     1.23     1.14     1.27     1.28     1.44     1.49     1.53     1.57     1.44     1.43     1.68     1.69     1.46     1.48     1.28     1.42     1.21     1.17     0.89     1.05     1.03     0.96     0.73     0.83     0.88     0.86     0.90     1.15     1.02     0.94     0.93     0.96     0.93     0.91     0.91     0.84     0.86     0.74     0.60     0.70     0.79 
    0.42     0.45     0.46     0.57     0.55     0.65     0.71     0.56     0.41     0.35     0.37     0.51     0.54     0.69     0.72     0.74     0.86     0.79     1.07     1.10     1.09     1.05     1.17     1.46     1.52     1.21     1.16     1.40     1.65     1.58     1.25     1.21     1.22     1.48     1.41     1.15     0.72     0.87     0.76     0.92     0.75     0.62     0.59     0.80     0.77     0.85     0.85     0.63     0.60     0.71     0.69     0.66     0.59     0.58     0.61     0.67     0.44     0.33     0.42 
    0.42     0.40     0.53     0.53     0.62     0.63     0.37     0.26     0.30     0.43     0.55     0.65     0.59     0.66     0.58     0.76     0.59     0.76     1.02     0.86     0.89     1.12     1.25     1.26     1.37     1.18     1.28     1.47     1.69     1.74     1.43     1.23     1.22     1.16     1.33     1.39     0.96     0.87     0.71     0.80     0.81     0.78     0.65     0.50     0.60     0.72     0.81     0.69     0.54     0.57     0.64     0.62     0.61     0.50     0.52     0.62     0.60     0.40     0.33 
    0.42     0.56     0.50     0.59     0.58     0.41     0.36     0.48     0.52     0.56     0.71     0.59     0.64     0.71     0.82     0.82     0.81     1.10     1.06     0.98     0.93     1.08     1.10     1.13     1.30     1.40     1.41     1.47     1.89     1.60     1.40     1.16     1.06     1.13     1.15     1.21     1.20     0.90     0.84     0.79     0.84     0.84     0.71     0.54     0.46     0.56     0.62     0.72     0.56     0.50     0.60     0.61     0.64     0.60     0.49     0.46     0.65     0.51     0.40 
    0.48     0.50     0.56     0.63     0.49     0.38     0.44     0.41     0.51     0.60     0.57     0.53     0.62     0.67     0.87     0.76     0.95     1.09     1.05     0.94     0.97     0.98     0.96     0.94     0.97     1.05     1.01     1.17     1.42     1.19     1.10     1.04     0.95     1.13     1.08     1.02     1.06     0.95     0.90     0.83     0.67     0.66     0.70     0.59     0.46     0.49     0.64     0.64     0.58     0.46     0.46     0.51     0.53     0.56     0.57     0.46     0.48     0.60     0.40 
    0.52     0.48     0.59     0.42     0.34     0.32     0.33     0.40     0.53     0.54     0.53     0.53     0.57     0.84     0.81     0.71     0.94     1.03     0.84     0.70     0.69     0.67     0.67     0.82     0.99     1.01     0.83     0.97     1.11     1.03     0.97     0.99     0.84     1.12     1.28     1.14     0.93     0.84     0.82     0.75     0.84     0.73     0.70     0.66     0.53     0.41     0.63     0.63     0.66     0.56     0.45     0.55     0.51     0.41     0.59     0.52     0.39     0.48     0.58 
    0.45     0.51     0.46     0.34     0.29     0.38     0.39     0.51     0.58     0.66     0.55     0.49     0.69     0.76     0.65     0.84     0.93     0.90     0.63     0.50     0.58     0.63     0.76     0.93     0.88     0.78     0.54     0.56     0.69     0.87     0.77     0.94     0.82     0.78     1.17     1.31     1.04     0.82     0.84     0.63     0.62     0.64     0.67     0.73     0.60     0.44     0.50     0.74     0.69     0.59     0.54     0.51     0.61     0.46     0.40     0.58     0.60     0.50     0.50 
    0.50     0.52     0.38     0.34     0.42     0.39     0.45     0.56     0.58     0.46     0.33     0.56     0.76     0.74     0.70     0.82     0.77     0.73     0.48     0.47     0.61     0.69     0.75     0.83     0.79     0.69     0.45     0.30     0.46     0.72     0.73     0.65     0.72     0.66     0.83     1.06     1.12     1.08     1.01     0.74     0.57     0.51     0.58     0.56     0.61     0.44     0.37     0.56     0.65     0.68     0.62     0.58     0.66     0.63     0.47     0.32     0.47     0.54     0.55 
