         196           6         144           0
         216           2         176           0
         200           4         152           0
         236           6         186           1
         308          10         229           0
         328          18         226           0
         352          19         252           0
         380          16         265           1
         432          17         313           0
         414          23         312           1
         442          12         336           0
         484          10         360           0
         476          18         346           0
         430           8         311           0
         462          11         348           1
         472          16         362           1
         476          14         359           0
         478          18         358           0
         478          15         325           1
         488          12         345           1
         458          17         319           0
         518          17         408           0
         540          14         395           0
         530          14         387           0
         462          12         342           1
         484          24         360           0
         510          15         378           0
         546          25         407           0
         556          17         394           0
         470          11         339           0
         514          23         357           0
         506          18         349           0
         552          21         401           1
         530          22         387           0
         572          16         388           1
         566          16         412           0
         562          14         397           1
         542          19         378           0
         582          23         416           0
         580          22         427           1
         576          28         406           1
         588          20         433           0
         566          19         422           0
         534          19         379           0
         546          15         397           0
         604          25         424           1
         552          31         397           0
         580          25         418           0
         602          14         422           1
         590          20         424           0
         584          21         436           0
         576          23         428           1
         580          22         422           0
         546          14         413           0
         568          11         410           1
         558          26         401           0
         560          22         410           2
         558          12         428           0
         582          22         418           3
         526          16         404           0
         486          19         361           3
         562          13         398           0
         540          17         403           1
         540          23         390           2
         526          19         371           0
         522          19         373           0
         526          14         385           0
         518          20         380           1
         548          21         415           1
         530          17         381           1
         500          22         368           0
         450          14         339           0
         452          15         320           0
         516          17         377           0
         470          22         331           0
         470          16         334           0
         530          19         391           0
         482          24         356           0
         476          19         357           0
         496          15         358           0
         512          16         364           1
         480          10         355           0
         422          16         291           1
         416          10         317           0
         428          22         303           0
         350          15         254           0
         360          15         255           0
         308           9         240           0
         256           4         189           0
         242           7         185           0
